# Variacao stressFlux no tempo no ponto        1
        0                      0.000000                  0.0000000000                  0.0000000000                  0.0000000000
        1                   3600.000000                  0.0000000087                 -0.0000000087                  0.0000027989
        2                   7200.000000                 -0.0000000013                  0.0000000013                  0.0000018855
        3                  10800.000000                 -0.0000000011                  0.0000000011                  0.0000014935
        4                  14400.000000                 -0.0000000008                  0.0000000008                  0.0000012703
        5                  18000.000000                 -0.0000000006                  0.0000000006                  0.0000011231
        6                  21600.000000                 -0.0000000004                  0.0000000004                  0.0000010172
        7                  25200.000000                 -0.0000000003                  0.0000000003                  0.0000009363
        8                  28800.000000                 -0.0000000003                  0.0000000003                  0.0000008720
        9                  32400.000000                 -0.0000000002                  0.0000000002                  0.0000008192
       10                  36000.000000                 -0.0000000002                  0.0000000002                  0.0000007749
       11                  39600.000000                 -0.0000000002                  0.0000000002                  0.0000007370
       12                  43200.000000                 -0.0000000001                  0.0000000001                  0.0000007039
       13                  46800.000000                 -0.0000000001                  0.0000000001                  0.0000006748
       14                  50400.000000                 -0.0000000001                  0.0000000001                  0.0000006488
       15                  54000.000000                 -0.0000000001                  0.0000000001                  0.0000006253
       16                  57600.000000                 -0.0000000001                  0.0000000001                  0.0000006039
       17                  61200.000000                 -0.0000000001                  0.0000000001                  0.0000005842
       18                  64800.000000                 -0.0000000001                  0.0000000001                  0.0000005660
       19                  68400.000000                 -0.0000000001                  0.0000000001                  0.0000005490
       20                  72000.000000                 -0.0000000001                  0.0000000001                  0.0000005330
       21                  75600.000000                 -0.0000000001                  0.0000000001                  0.0000005180
       22                  79200.000000                 -0.0000000001                  0.0000000001                  0.0000005038
       23                  82800.000000                 -0.0000000001                  0.0000000001                  0.0000004902
       24                  86400.000000                 -0.0000000001                  0.0000000001                  0.0000004773
       25                  90000.000000                 -0.0000000001                  0.0000000001                  0.0000004649
       26                  93600.000000                 -0.0000000001                  0.0000000001                  0.0000004530
       27                  97200.000000                 -0.0000000001                  0.0000000001                  0.0000004415
       28                 100800.000000                 -0.0000000000                  0.0000000000                  0.0000004304
       29                 104400.000000                 -0.0000000000                  0.0000000000                  0.0000004197
       30                 108000.000000                 -0.0000000000                  0.0000000000                  0.0000004093
       31                 111600.000000                 -0.0000000000                  0.0000000000                  0.0000003993
       32                 115200.000000                 -0.0000000000                  0.0000000000                  0.0000003895
       33                 118800.000000                 -0.0000000000                  0.0000000000                  0.0000003800
       34                 122400.000000                 -0.0000000000                  0.0000000000                  0.0000003708
       35                 126000.000000                 -0.0000000000                  0.0000000000                  0.0000003618
       36                 129600.000000                 -0.0000000000                  0.0000000000                  0.0000003531
       37                 133200.000000                 -0.0000000000                  0.0000000000                  0.0000003446
       38                 136800.000000                 -0.0000000000                  0.0000000000                  0.0000003363
       39                 140400.000000                 -0.0000000000                  0.0000000000                  0.0000003283
       40                 144000.000000                 -0.0000000000                  0.0000000000                  0.0000003204
       41                 147600.000000                 -0.0000000000                  0.0000000000                  0.0000003127
       42                 151200.000000                 -0.0000000000                  0.0000000000                  0.0000003052
       43                 154800.000000                 -0.0000000000                  0.0000000000                  0.0000002979
       44                 158400.000000                 -0.0000000000                  0.0000000000                  0.0000002908
       45                 162000.000000                 -0.0000000000                  0.0000000000                  0.0000002839
       46                 165600.000000                 -0.0000000000                  0.0000000000                  0.0000002771
       47                 169200.000000                 -0.0000000000                  0.0000000000                  0.0000002705
       48                 172800.000000                 -0.0000000000                  0.0000000000                  0.0000002640
       49                 176400.000000                 -0.0000000000                  0.0000000000                  0.0000002577
       50                 180000.000000                 -0.0000000000                  0.0000000000                  0.0000002516
       51                 183600.000000                 -0.0000000000                  0.0000000000                  0.0000002456
       52                 187200.000000                 -0.0000000000                  0.0000000000                  0.0000002398
       53                 190800.000000                 -0.0000000000                  0.0000000000                  0.0000002340
       54                 194400.000000                 -0.0000000000                  0.0000000000                  0.0000002285
       55                 198000.000000                 -0.0000000000                  0.0000000000                  0.0000002230
       56                 201600.000000                 -0.0000000000                  0.0000000000                  0.0000002177
       57                 205200.000000                 -0.0000000000                  0.0000000000                  0.0000002125
       58                 208800.000000                 -0.0000000000                  0.0000000000                  0.0000002075
       59                 212400.000000                 -0.0000000000                  0.0000000000                  0.0000002025
       60                 216000.000000                 -0.0000000000                  0.0000000000                  0.0000001977
       61                 219600.000000                 -0.0000000000                  0.0000000000                  0.0000001930
       62                 223200.000000                 -0.0000000000                  0.0000000000                  0.0000001884
       63                 226800.000000                 -0.0000000000                  0.0000000000                  0.0000001839
       64                 230400.000000                 -0.0000000000                  0.0000000000                  0.0000001795
       65                 234000.000000                 -0.0000000000                  0.0000000000                  0.0000001753
       66                 237600.000000                 -0.0000000000                  0.0000000000                  0.0000001711
       67                 241200.000000                 -0.0000000000                  0.0000000000                  0.0000001670
       68                 244800.000000                 -0.0000000000                  0.0000000000                  0.0000001630
       69                 248400.000000                 -0.0000000000                  0.0000000000                  0.0000001591
       70                 252000.000000                 -0.0000000000                  0.0000000000                  0.0000001554
       71                 255600.000000                 -0.0000000000                  0.0000000000                  0.0000001517
       72                 259200.000000                 -0.0000000000                  0.0000000000                  0.0000001480
       73                 262800.000000                 -0.0000000000                  0.0000000000                  0.0000001445
       74                 266400.000000                 -0.0000000000                  0.0000000000                  0.0000001411
       75                 270000.000000                 -0.0000000000                  0.0000000000                  0.0000001377
       76                 273600.000000                 -0.0000000000                  0.0000000000                  0.0000001344
       77                 277200.000000                 -0.0000000000                  0.0000000000                  0.0000001312
       78                 280800.000000                 -0.0000000000                  0.0000000000                  0.0000001281
       79                 284400.000000                 -0.0000000000                  0.0000000000                  0.0000001251
       80                 288000.000000                 -0.0000000000                  0.0000000000                  0.0000001221
       81                 291600.000000                 -0.0000000000                  0.0000000000                  0.0000001192
       82                 295200.000000                 -0.0000000000                  0.0000000000                  0.0000001163
       83                 298800.000000                 -0.0000000000                  0.0000000000                  0.0000001136
       84                 302400.000000                 -0.0000000000                  0.0000000000                  0.0000001109
       85                 306000.000000                 -0.0000000000                  0.0000000000                  0.0000001082
       86                 309600.000000                 -0.0000000000                  0.0000000000                  0.0000001056
       87                 313200.000000                 -0.0000000000                  0.0000000000                  0.0000001031
       88                 316800.000000                 -0.0000000000                  0.0000000000                  0.0000001007
       89                 320400.000000                 -0.0000000000                  0.0000000000                  0.0000000983
       90                 324000.000000                 -0.0000000000                  0.0000000000                  0.0000000959
       91                 327600.000000                 -0.0000000000                  0.0000000000                  0.0000000937
       92                 331200.000000                 -0.0000000000                  0.0000000000                  0.0000000914
       93                 334800.000000                 -0.0000000000                  0.0000000000                  0.0000000892
       94                 338400.000000                 -0.0000000000                  0.0000000000                  0.0000000871
       95                 342000.000000                 -0.0000000000                  0.0000000000                  0.0000000850
       96                 345600.000000                 -0.0000000000                  0.0000000000                  0.0000000830
       97                 349200.000000                 -0.0000000000                  0.0000000000                  0.0000000810
       98                 352800.000000                 -0.0000000000                  0.0000000000                  0.0000000791
       99                 356400.000000                 -0.0000000000                  0.0000000000                  0.0000000772
      100                 360000.000000                 -0.0000000000                  0.0000000000                  0.0000000754
      101                 363600.000000                 -0.0000000000                  0.0000000000                  0.0000000736
      102                 367200.000000                 -0.0000000000                  0.0000000000                  0.0000000718
      103                 370800.000000                 -0.0000000000                  0.0000000000                  0.0000000701
      104                 374400.000000                 -0.0000000000                  0.0000000000                  0.0000000685
      105                 378000.000000                 -0.0000000000                  0.0000000000                  0.0000000668
      106                 381600.000000                 -0.0000000000                  0.0000000000                  0.0000000652
      107                 385200.000000                 -0.0000000000                  0.0000000000                  0.0000000637
      108                 388800.000000                 -0.0000000000                  0.0000000000                  0.0000000622
      109                 392400.000000                 -0.0000000000                  0.0000000000                  0.0000000607
      110                 396000.000000                 -0.0000000000                  0.0000000000                  0.0000000592
      111                 399600.000000                 -0.0000000000                  0.0000000000                  0.0000000578
      112                 403200.000000                 -0.0000000000                  0.0000000000                  0.0000000565
      113                 406800.000000                 -0.0000000000                  0.0000000000                  0.0000000551
      114                 410400.000000                 -0.0000000000                  0.0000000000                  0.0000000538
      115                 414000.000000                 -0.0000000000                  0.0000000000                  0.0000000525
      116                 417600.000000                 -0.0000000000                  0.0000000000                  0.0000000513
      117                 421200.000000                 -0.0000000000                  0.0000000000                  0.0000000500
      118                 424800.000000                 -0.0000000000                  0.0000000000                  0.0000000489
      119                 428400.000000                 -0.0000000000                  0.0000000000                  0.0000000477
      120                 432000.000000                 -0.0000000000                  0.0000000000                  0.0000000466
      121                 435600.000000                 -0.0000000000                  0.0000000000                  0.0000000454
      122                 439200.000000                 -0.0000000000                  0.0000000000                  0.0000000444
      123                 442800.000000                 -0.0000000000                  0.0000000000                  0.0000000433
      124                 446400.000000                 -0.0000000000                  0.0000000000                  0.0000000423
      125                 450000.000000                 -0.0000000000                  0.0000000000                  0.0000000413
      126                 453600.000000                 -0.0000000000                  0.0000000000                  0.0000000403
      127                 457200.000000                 -0.0000000000                  0.0000000000                  0.0000000393
      128                 460800.000000                 -0.0000000000                  0.0000000000                  0.0000000384
      129                 464400.000000                 -0.0000000000                  0.0000000000                  0.0000000375
      130                 468000.000000                 -0.0000000000                  0.0000000000                  0.0000000366
      131                 471600.000000                 -0.0000000000                  0.0000000000                  0.0000000357
      132                 475200.000000                 -0.0000000000                  0.0000000000                  0.0000000349
      133                 478800.000000                 -0.0000000000                  0.0000000000                  0.0000000340
      134                 482400.000000                 -0.0000000000                  0.0000000000                  0.0000000332
      135                 486000.000000                 -0.0000000000                  0.0000000000                  0.0000000324
      136                 489600.000000                 -0.0000000000                  0.0000000000                  0.0000000317
      137                 493200.000000                 -0.0000000000                  0.0000000000                  0.0000000309
      138                 496800.000000                 -0.0000000000                  0.0000000000                  0.0000000302
      139                 500400.000000                 -0.0000000000                  0.0000000000                  0.0000000295
      140                 504000.000000                 -0.0000000000                  0.0000000000                  0.0000000288
      141                 507600.000000                 -0.0000000000                  0.0000000000                  0.0000000281
      142                 511200.000000                 -0.0000000000                  0.0000000000                  0.0000000274
      143                 514800.000000                 -0.0000000000                  0.0000000000                  0.0000000267
      144                 518400.000000                 -0.0000000000                  0.0000000000                  0.0000000261
      145                 522000.000000                 -0.0000000000                  0.0000000000                  0.0000000255
      146                 525600.000000                 -0.0000000000                  0.0000000000                  0.0000000249
      147                 529200.000000                 -0.0000000000                  0.0000000000                  0.0000000243
      148                 532800.000000                 -0.0000000000                  0.0000000000                  0.0000000237
      149                 536400.000000                 -0.0000000000                  0.0000000000                  0.0000000231
      150                 540000.000000                 -0.0000000000                  0.0000000000                  0.0000000226
      151                 543600.000000                 -0.0000000000                  0.0000000000                  0.0000000221
      152                 547200.000000                 -0.0000000000                  0.0000000000                  0.0000000215
      153                 550800.000000                 -0.0000000000                  0.0000000000                  0.0000000210
      154                 554400.000000                 -0.0000000000                  0.0000000000                  0.0000000205
      155                 558000.000000                 -0.0000000000                  0.0000000000                  0.0000000200
      156                 561600.000000                 -0.0000000000                  0.0000000000                  0.0000000196
      157                 565200.000000                 -0.0000000000                  0.0000000000                  0.0000000191
      158                 568800.000000                 -0.0000000000                  0.0000000000                  0.0000000186
      159                 572400.000000                 -0.0000000000                  0.0000000000                  0.0000000182
      160                 576000.000000                 -0.0000000000                  0.0000000000                  0.0000000178
      161                 579600.000000                 -0.0000000000                  0.0000000000                  0.0000000173
      162                 583200.000000                 -0.0000000000                  0.0000000000                  0.0000000169
      163                 586800.000000                 -0.0000000000                  0.0000000000                  0.0000000165
      164                 590400.000000                 -0.0000000000                  0.0000000000                  0.0000000161
      165                 594000.000000                 -0.0000000000                  0.0000000000                  0.0000000157
      166                 597600.000000                 -0.0000000000                  0.0000000000                  0.0000000154
      167                 601200.000000                 -0.0000000000                  0.0000000000                  0.0000000150
      168                 604800.000000                 -0.0000000000                  0.0000000000                  0.0000000146
      169                 608400.000000                 -0.0000000000                  0.0000000000                  0.0000000143
      170                 612000.000000                 -0.0000000000                  0.0000000000                  0.0000000140
      171                 615600.000000                 -0.0000000000                  0.0000000000                  0.0000000136
      172                 619200.000000                 -0.0000000000                  0.0000000000                  0.0000000133
      173                 622800.000000                 -0.0000000000                  0.0000000000                  0.0000000130
      174                 626400.000000                 -0.0000000000                  0.0000000000                  0.0000000127
      175                 630000.000000                 -0.0000000000                  0.0000000000                  0.0000000124
      176                 633600.000000                 -0.0000000000                  0.0000000000                  0.0000000121
      177                 637200.000000                 -0.0000000000                  0.0000000000                  0.0000000118
      178                 640800.000000                 -0.0000000000                  0.0000000000                  0.0000000115
      179                 644400.000000                 -0.0000000000                  0.0000000000                  0.0000000112
      180                 648000.000000                 -0.0000000000                  0.0000000000                  0.0000000110
      181                 651600.000000                 -0.0000000000                  0.0000000000                  0.0000000107
      182                 655200.000000                 -0.0000000000                  0.0000000000                  0.0000000104
      183                 658800.000000                 -0.0000000000                  0.0000000000                  0.0000000102
      184                 662400.000000                 -0.0000000000                  0.0000000000                  0.0000000100
      185                 666000.000000                 -0.0000000000                  0.0000000000                  0.0000000097
      186                 669600.000000                 -0.0000000000                  0.0000000000                  0.0000000095
      187                 673200.000000                 -0.0000000000                  0.0000000000                  0.0000000093
      188                 676800.000000                 -0.0000000000                  0.0000000000                  0.0000000090
      189                 680400.000000                 -0.0000000000                  0.0000000000                  0.0000000088
      190                 684000.000000                 -0.0000000000                  0.0000000000                  0.0000000086
      191                 687600.000000                 -0.0000000000                  0.0000000000                  0.0000000084
      192                 691200.000000                 -0.0000000000                  0.0000000000                  0.0000000082
      193                 694800.000000                 -0.0000000000                  0.0000000000                  0.0000000080
      194                 698400.000000                 -0.0000000000                  0.0000000000                  0.0000000078
      195                 702000.000000                 -0.0000000000                  0.0000000000                  0.0000000076
      196                 705600.000000                 -0.0000000000                  0.0000000000                  0.0000000075
      197                 709200.000000                 -0.0000000000                  0.0000000000                  0.0000000073
      198                 712800.000000                 -0.0000000000                  0.0000000000                  0.0000000071
      199                 716400.000000                 -0.0000000000                  0.0000000000                  0.0000000069
      200                 720000.000000                 -0.0000000000                  0.0000000000                  0.0000000068
      201                 723600.000000                 -0.0000000000                  0.0000000000                  0.0000000066
      202                 727200.000000                 -0.0000000000                  0.0000000000                  0.0000000065
      203                 730800.000000                 -0.0000000000                  0.0000000000                  0.0000000063
      204                 734400.000000                 -0.0000000000                  0.0000000000                  0.0000000061
      205                 738000.000000                 -0.0000000000                  0.0000000000                  0.0000000060
      206                 741600.000000                 -0.0000000000                  0.0000000000                  0.0000000059
      207                 745200.000000                 -0.0000000000                  0.0000000000                  0.0000000057
      208                 748800.000000                 -0.0000000000                  0.0000000000                  0.0000000056
      209                 752400.000000                 -0.0000000000                  0.0000000000                  0.0000000055
      210                 756000.000000                 -0.0000000000                  0.0000000000                  0.0000000053
      211                 759600.000000                 -0.0000000000                  0.0000000000                  0.0000000052
      212                 763200.000000                 -0.0000000000                  0.0000000000                  0.0000000051
      213                 766800.000000                 -0.0000000000                  0.0000000000                  0.0000000049
      214                 770400.000000                 -0.0000000000                  0.0000000000                  0.0000000048
      215                 774000.000000                 -0.0000000000                  0.0000000000                  0.0000000047
      216                 777600.000000                 -0.0000000000                  0.0000000000                  0.0000000046
      217                 781200.000000                 -0.0000000000                  0.0000000000                  0.0000000045
      218                 784800.000000                 -0.0000000000                  0.0000000000                  0.0000000044
      219                 788400.000000                 -0.0000000000                  0.0000000000                  0.0000000043
      220                 792000.000000                 -0.0000000000                  0.0000000000                  0.0000000042
      221                 795600.000000                 -0.0000000000                  0.0000000000                  0.0000000041
      222                 799200.000000                 -0.0000000000                  0.0000000000                  0.0000000040
      223                 802800.000000                 -0.0000000000                  0.0000000000                  0.0000000039
      224                 806400.000000                 -0.0000000000                  0.0000000000                  0.0000000038
      225                 810000.000000                 -0.0000000000                  0.0000000000                  0.0000000037
      226                 813600.000000                 -0.0000000000                  0.0000000000                  0.0000000036
      227                 817200.000000                 -0.0000000000                  0.0000000000                  0.0000000035
      228                 820800.000000                 -0.0000000000                  0.0000000000                  0.0000000034
      229                 824400.000000                 -0.0000000000                  0.0000000000                  0.0000000034
      230                 828000.000000                 -0.0000000000                  0.0000000000                  0.0000000033
      231                 831600.000000                 -0.0000000000                  0.0000000000                  0.0000000032
      232                 835200.000000                 -0.0000000000                  0.0000000000                  0.0000000031
      233                 838800.000000                 -0.0000000000                  0.0000000000                  0.0000000031
      234                 842400.000000                 -0.0000000000                  0.0000000000                  0.0000000030
      235                 846000.000000                 -0.0000000000                  0.0000000000                  0.0000000029
      236                 849600.000000                 -0.0000000000                  0.0000000000                  0.0000000028
      237                 853200.000000                 -0.0000000000                  0.0000000000                  0.0000000028
      238                 856800.000000                 -0.0000000000                  0.0000000000                  0.0000000027
      239                 860400.000000                 -0.0000000000                  0.0000000000                  0.0000000026
      240                 864000.000000                 -0.0000000000                  0.0000000000                  0.0000000026
      241                 867600.000000                 -0.0000000000                  0.0000000000                  0.0000000025
      242                 871200.000000                 -0.0000000000                  0.0000000000                  0.0000000025
      243                 874800.000000                 -0.0000000000                  0.0000000000                  0.0000000024
      244                 878400.000000                 -0.0000000000                  0.0000000000                  0.0000000023
      245                 882000.000000                 -0.0000000000                  0.0000000000                  0.0000000023
      246                 885600.000000                 -0.0000000000                  0.0000000000                  0.0000000022
      247                 889200.000000                 -0.0000000000                  0.0000000000                  0.0000000022
      248                 892800.000000                 -0.0000000000                  0.0000000000                  0.0000000021
      249                 896400.000000                 -0.0000000000                  0.0000000000                  0.0000000021
      250                 900000.000000                 -0.0000000000                  0.0000000000                  0.0000000020
      251                 903600.000000                 -0.0000000000                  0.0000000000                  0.0000000020
      252                 907200.000000                 -0.0000000000                  0.0000000000                  0.0000000019
      253                 910800.000000                 -0.0000000000                  0.0000000000                  0.0000000019
      254                 914400.000000                 -0.0000000000                  0.0000000000                  0.0000000018
      255                 918000.000000                 -0.0000000000                  0.0000000000                  0.0000000018
      256                 921600.000000                 -0.0000000000                  0.0000000000                  0.0000000018
      257                 925200.000000                 -0.0000000000                  0.0000000000                  0.0000000017
      258                 928800.000000                 -0.0000000000                  0.0000000000                  0.0000000017
      259                 932400.000000                 -0.0000000000                  0.0000000000                  0.0000000016
      260                 936000.000000                 -0.0000000000                  0.0000000000                  0.0000000016
      261                 939600.000000                 -0.0000000000                  0.0000000000                  0.0000000016
      262                 943200.000000                 -0.0000000000                  0.0000000000                  0.0000000015
      263                 946800.000000                 -0.0000000000                  0.0000000000                  0.0000000015
      264                 950400.000000                 -0.0000000000                  0.0000000000                  0.0000000014
      265                 954000.000000                 -0.0000000000                  0.0000000000                  0.0000000014
      266                 957600.000000                 -0.0000000000                  0.0000000000                  0.0000000014
      267                 961200.000000                 -0.0000000000                  0.0000000000                  0.0000000013
      268                 964800.000000                 -0.0000000000                  0.0000000000                  0.0000000013
      269                 968400.000000                 -0.0000000000                  0.0000000000                  0.0000000013
      270                 972000.000000                 -0.0000000000                  0.0000000000                  0.0000000013
      271                 975600.000000                 -0.0000000000                  0.0000000000                  0.0000000012
      272                 979200.000000                 -0.0000000000                  0.0000000000                  0.0000000012
      273                 982800.000000                 -0.0000000000                  0.0000000000                  0.0000000012
      274                 986400.000000                 -0.0000000000                  0.0000000000                  0.0000000011
      275                 990000.000000                 -0.0000000000                  0.0000000000                  0.0000000011
      276                 993600.000000                 -0.0000000000                  0.0000000000                  0.0000000011
      277                 997200.000000                 -0.0000000000                  0.0000000000                  0.0000000011
      278                1000800.000000                 -0.0000000000                  0.0000000000                  0.0000000010
      279                1004400.000000                 -0.0000000000                  0.0000000000                  0.0000000010
      280                1008000.000000                 -0.0000000000                  0.0000000000                  0.0000000010
      281                1011600.000000                 -0.0000000000                  0.0000000000                  0.0000000010
      282                1015200.000000                 -0.0000000000                  0.0000000000                  0.0000000009
      283                1018800.000000                 -0.0000000000                  0.0000000000                  0.0000000009
      284                1022400.000000                 -0.0000000000                  0.0000000000                  0.0000000009
      285                1026000.000000                 -0.0000000000                  0.0000000000                  0.0000000009
      286                1029600.000000                 -0.0000000000                  0.0000000000                  0.0000000009
      287                1033200.000000                 -0.0000000000                  0.0000000000                  0.0000000008
      288                1036800.000000                 -0.0000000000                  0.0000000000                  0.0000000008
      289                1040400.000000                 -0.0000000000                  0.0000000000                  0.0000000008
      290                1044000.000000                 -0.0000000000                  0.0000000000                  0.0000000008
      291                1047600.000000                 -0.0000000000                  0.0000000000                  0.0000000008
      292                1051200.000000                 -0.0000000000                  0.0000000000                  0.0000000007
      293                1054800.000000                 -0.0000000000                  0.0000000000                  0.0000000007
      294                1058400.000000                 -0.0000000000                  0.0000000000                  0.0000000007
      295                1062000.000000                 -0.0000000000                  0.0000000000                  0.0000000007
      296                1065600.000000                 -0.0000000000                  0.0000000000                  0.0000000007
      297                1069200.000000                 -0.0000000000                  0.0000000000                  0.0000000007
      298                1072800.000000                 -0.0000000000                  0.0000000000                  0.0000000006
      299                1076400.000000                 -0.0000000000                  0.0000000000                  0.0000000006
      300                1080000.000000                 -0.0000000000                  0.0000000000                  0.0000000006
      301                1083600.000000                 -0.0000000000                  0.0000000000                  0.0000000006
      302                1087200.000000                 -0.0000000000                  0.0000000000                  0.0000000006
      303                1090800.000000                 -0.0000000000                  0.0000000000                  0.0000000006
      304                1094400.000000                 -0.0000000000                  0.0000000000                  0.0000000006
      305                1098000.000000                 -0.0000000000                  0.0000000000                  0.0000000005
      306                1101600.000000                 -0.0000000000                  0.0000000000                  0.0000000005
      307                1105200.000000                 -0.0000000000                  0.0000000000                  0.0000000005
      308                1108800.000000                 -0.0000000000                  0.0000000000                  0.0000000005
      309                1112400.000000                 -0.0000000000                  0.0000000000                  0.0000000005
      310                1116000.000000                 -0.0000000000                  0.0000000000                  0.0000000005
      311                1119600.000000                 -0.0000000000                  0.0000000000                  0.0000000005
      312                1123200.000000                 -0.0000000000                  0.0000000000                  0.0000000005
      313                1126800.000000                 -0.0000000000                  0.0000000000                  0.0000000004
      314                1130400.000000                 -0.0000000000                  0.0000000000                  0.0000000004
      315                1134000.000000                 -0.0000000000                  0.0000000000                  0.0000000004
      316                1137600.000000                 -0.0000000000                  0.0000000000                  0.0000000004
      317                1141200.000000                 -0.0000000000                  0.0000000000                  0.0000000004
      318                1144800.000000                 -0.0000000000                  0.0000000000                  0.0000000004
      319                1148400.000000                 -0.0000000000                  0.0000000000                  0.0000000004
      320                1152000.000000                 -0.0000000000                  0.0000000000                  0.0000000004
      321                1155600.000000                 -0.0000000000                  0.0000000000                  0.0000000004
      322                1159200.000000                 -0.0000000000                  0.0000000000                  0.0000000004
      323                1162800.000000                 -0.0000000000                  0.0000000000                  0.0000000003
      324                1166400.000000                 -0.0000000000                  0.0000000000                  0.0000000003
      325                1170000.000000                 -0.0000000000                  0.0000000000                  0.0000000003
      326                1173600.000000                 -0.0000000000                  0.0000000000                  0.0000000003
      327                1177200.000000                 -0.0000000000                  0.0000000000                  0.0000000003
      328                1180800.000000                 -0.0000000000                  0.0000000000                  0.0000000003
      329                1184400.000000                 -0.0000000000                  0.0000000000                  0.0000000003
      330                1188000.000000                 -0.0000000000                  0.0000000000                  0.0000000003
      331                1191600.000000                 -0.0000000000                  0.0000000000                  0.0000000003
      332                1195200.000000                 -0.0000000000                  0.0000000000                  0.0000000003
      333                1198800.000000                 -0.0000000000                  0.0000000000                  0.0000000003
      334                1202400.000000                 -0.0000000000                  0.0000000000                  0.0000000003
      335                1206000.000000                 -0.0000000000                  0.0000000000                  0.0000000003
      336                1209600.000000                 -0.0000000000                  0.0000000000                  0.0000000003
      337                1213200.000000                 -0.0000000000                  0.0000000000                  0.0000000002
      338                1216800.000000                 -0.0000000000                  0.0000000000                  0.0000000002
      339                1220400.000000                 -0.0000000000                  0.0000000000                  0.0000000002
      340                1224000.000000                 -0.0000000000                  0.0000000000                  0.0000000002
      341                1227600.000000                 -0.0000000000                  0.0000000000                  0.0000000002
      342                1231200.000000                 -0.0000000000                  0.0000000000                  0.0000000002
      343                1234800.000000                 -0.0000000000                  0.0000000000                  0.0000000002
      344                1238400.000000                 -0.0000000000                  0.0000000000                  0.0000000002
      345                1242000.000000                 -0.0000000000                  0.0000000000                  0.0000000002
      346                1245600.000000                 -0.0000000000                  0.0000000000                  0.0000000002
      347                1249200.000000                 -0.0000000000                  0.0000000000                  0.0000000002
      348                1252800.000000                 -0.0000000000                  0.0000000000                  0.0000000002
      349                1256400.000000                 -0.0000000000                  0.0000000000                  0.0000000002
      350                1260000.000000                 -0.0000000000                  0.0000000000                  0.0000000002
      351                1263600.000000                 -0.0000000000                  0.0000000000                  0.0000000002
      352                1267200.000000                 -0.0000000000                  0.0000000000                  0.0000000002
      353                1270800.000000                 -0.0000000000                  0.0000000000                  0.0000000002
      354                1274400.000000                 -0.0000000000                  0.0000000000                  0.0000000002
      355                1278000.000000                 -0.0000000000                  0.0000000000                  0.0000000002
      356                1281600.000000                 -0.0000000000                  0.0000000000                  0.0000000002
      357                1285200.000000                 -0.0000000000                  0.0000000000                  0.0000000002
      358                1288800.000000                 -0.0000000000                  0.0000000000                  0.0000000002
      359                1292400.000000                 -0.0000000000                  0.0000000000                  0.0000000001
      360                1296000.000000                 -0.0000000000                  0.0000000000                  0.0000000001
      361                1299600.000000                 -0.0000000000                  0.0000000000                  0.0000000001
      362                1303200.000000                 -0.0000000000                  0.0000000000                  0.0000000001
      363                1306800.000000                 -0.0000000000                  0.0000000000                  0.0000000001
      364                1310400.000000                 -0.0000000000                  0.0000000000                  0.0000000001
      365                1314000.000000                 -0.0000000000                  0.0000000000                  0.0000000001
      366                1317600.000000                 -0.0000000000                  0.0000000000                  0.0000000001
      367                1321200.000000                 -0.0000000000                  0.0000000000                  0.0000000001
      368                1324800.000000                 -0.0000000000                  0.0000000000                  0.0000000001
      369                1328400.000000                 -0.0000000000                  0.0000000000                  0.0000000001
      370                1332000.000000                 -0.0000000000                  0.0000000000                  0.0000000001
      371                1335600.000000                 -0.0000000000                  0.0000000000                  0.0000000001
      372                1339200.000000                 -0.0000000000                  0.0000000000                  0.0000000001
      373                1342800.000000                 -0.0000000000                  0.0000000000                  0.0000000001
      374                1346400.000000                 -0.0000000000                  0.0000000000                  0.0000000001
      375                1350000.000000                 -0.0000000000                  0.0000000000                  0.0000000001
      376                1353600.000000                 -0.0000000000                  0.0000000000                  0.0000000001
      377                1357200.000000                 -0.0000000000                  0.0000000000                  0.0000000001
      378                1360800.000000                 -0.0000000000                  0.0000000000                  0.0000000001
      379                1364400.000000                 -0.0000000000                  0.0000000000                  0.0000000001
      380                1368000.000000                 -0.0000000000                  0.0000000000                  0.0000000001
      381                1371600.000000                 -0.0000000000                  0.0000000000                  0.0000000001
      382                1375200.000000                 -0.0000000000                  0.0000000000                  0.0000000001
      383                1378800.000000                 -0.0000000000                  0.0000000000                  0.0000000001
      384                1382400.000000                 -0.0000000000                  0.0000000000                  0.0000000001
      385                1386000.000000                 -0.0000000000                  0.0000000000                  0.0000000001
      386                1389600.000000                 -0.0000000000                  0.0000000000                  0.0000000001
      387                1393200.000000                 -0.0000000000                  0.0000000000                  0.0000000001
      388                1396800.000000                 -0.0000000000                  0.0000000000                  0.0000000001
      389                1400400.000000                 -0.0000000000                  0.0000000000                  0.0000000001
      390                1404000.000000                 -0.0000000000                  0.0000000000                  0.0000000001
      391                1407600.000000                 -0.0000000000                  0.0000000000                  0.0000000001
      392                1411200.000000                 -0.0000000000                  0.0000000000                  0.0000000001
      393                1414800.000000                 -0.0000000000                  0.0000000000                  0.0000000001
      394                1418400.000000                 -0.0000000000                  0.0000000000                  0.0000000001
      395                1422000.000000                 -0.0000000000                  0.0000000000                  0.0000000001
      396                1425600.000000                 -0.0000000000                  0.0000000000                  0.0000000001
      397                1429200.000000                 -0.0000000000                  0.0000000000                  0.0000000001
      398                1432800.000000                 -0.0000000000                  0.0000000000                  0.0000000001
      399                1436400.000000                 -0.0000000000                  0.0000000000                  0.0000000001
      400                1440000.000000                 -0.0000000000                  0.0000000000                  0.0000000001
      401                1443600.000000                 -0.0000000000                  0.0000000000                  0.0000000001
      402                1447200.000000                 -0.0000000000                  0.0000000000                  0.0000000001
      403                1450800.000000                 -0.0000000000                  0.0000000000                  0.0000000001
      404                1454400.000000                 -0.0000000000                  0.0000000000                  0.0000000000
      405                1458000.000000                 -0.0000000000                  0.0000000000                  0.0000000000
      406                1461600.000000                 -0.0000000000                  0.0000000000                  0.0000000000
      407                1465200.000000                 -0.0000000000                  0.0000000000                  0.0000000000
      408                1468800.000000                 -0.0000000000                  0.0000000000                  0.0000000000
      409                1472400.000000                 -0.0000000000                  0.0000000000                  0.0000000000
      410                1476000.000000                 -0.0000000000                  0.0000000000                  0.0000000000
      411                1479600.000000                 -0.0000000000                  0.0000000000                  0.0000000000
      412                1483200.000000                 -0.0000000000                  0.0000000000                  0.0000000000
      413                1486800.000000                 -0.0000000000                  0.0000000000                  0.0000000000
      414                1490400.000000                 -0.0000000000                  0.0000000000                  0.0000000000
      415                1494000.000000                 -0.0000000000                  0.0000000000                  0.0000000000
      416                1497600.000000                 -0.0000000000                  0.0000000000                  0.0000000000
      417                1501200.000000                 -0.0000000000                  0.0000000000                  0.0000000000
      418                1504800.000000                 -0.0000000000                  0.0000000000                  0.0000000000
      419                1508400.000000                 -0.0000000000                  0.0000000000                  0.0000000000
      420                1512000.000000                 -0.0000000000                  0.0000000000                  0.0000000000
      421                1515600.000000                 -0.0000000000                  0.0000000000                  0.0000000000
      422                1519200.000000                 -0.0000000000                  0.0000000000                  0.0000000000
      423                1522800.000000                 -0.0000000000                  0.0000000000                  0.0000000000
      424                1526400.000000                 -0.0000000000                  0.0000000000                  0.0000000000
      425                1530000.000000                 -0.0000000000                  0.0000000000                  0.0000000000
      426                1533600.000000                 -0.0000000000                  0.0000000000                  0.0000000000
      427                1537200.000000                 -0.0000000000                  0.0000000000                  0.0000000000
      428                1540800.000000                 -0.0000000000                  0.0000000000                  0.0000000000
      429                1544400.000000                 -0.0000000000                  0.0000000000                  0.0000000000
      430                1548000.000000                 -0.0000000000                  0.0000000000                  0.0000000000
      431                1551600.000000                 -0.0000000000                  0.0000000000                  0.0000000000
      432                1555200.000000                 -0.0000000000                  0.0000000000                  0.0000000000
      433                1558800.000000                 -0.0000000000                  0.0000000000                  0.0000000000
      434                1562400.000000                 -0.0000000000                  0.0000000000                  0.0000000000
      435                1566000.000000                 -0.0000000000                  0.0000000000                  0.0000000000
      436                1569600.000000                 -0.0000000000                  0.0000000000                  0.0000000000
      437                1573200.000000                 -0.0000000000                  0.0000000000                  0.0000000000
      438                1576800.000000                 -0.0000000000                  0.0000000000                  0.0000000000
      439                1580400.000000                 -0.0000000000                  0.0000000000                  0.0000000000
      440                1584000.000000                 -0.0000000000                  0.0000000000                  0.0000000000
      441                1587600.000000                 -0.0000000000                  0.0000000000                  0.0000000000
      442                1591200.000000                 -0.0000000000                  0.0000000000                  0.0000000000
      443                1594800.000000                 -0.0000000000                  0.0000000000                  0.0000000000
      444                1598400.000000                 -0.0000000000                  0.0000000000                  0.0000000000
      445                1602000.000000                 -0.0000000000                  0.0000000000                  0.0000000000
      446                1605600.000000                 -0.0000000000                  0.0000000000                  0.0000000000
      447                1609200.000000                 -0.0000000000                  0.0000000000                  0.0000000000
      448                1612800.000000                 -0.0000000000                  0.0000000000                  0.0000000000
      449                1616400.000000                 -0.0000000000                  0.0000000000                  0.0000000000
      450                1620000.000000                 -0.0000000000                  0.0000000000                  0.0000000000
      451                1623600.000000                 -0.0000000000                  0.0000000000                  0.0000000000
      452                1627200.000000                 -0.0000000000                  0.0000000000                  0.0000000000
      453                1630800.000000                 -0.0000000000                  0.0000000000                  0.0000000000
      454                1634400.000000                 -0.0000000000                  0.0000000000                  0.0000000000
      455                1638000.000000                 -0.0000000000                  0.0000000000                  0.0000000000
      456                1641600.000000                 -0.0000000000                  0.0000000000                  0.0000000000
      457                1645200.000000                 -0.0000000000                  0.0000000000                  0.0000000000
      458                1648800.000000                 -0.0000000000                  0.0000000000                  0.0000000000
      459                1652400.000000                 -0.0000000000                  0.0000000000                  0.0000000000
      460                1656000.000000                 -0.0000000000                  0.0000000000                  0.0000000000
      461                1659600.000000                 -0.0000000000                  0.0000000000                  0.0000000000
      462                1663200.000000                 -0.0000000000                  0.0000000000                  0.0000000000
      463                1666800.000000                 -0.0000000000                  0.0000000000                  0.0000000000
      464                1670400.000000                 -0.0000000000                  0.0000000000                  0.0000000000
      465                1674000.000000                 -0.0000000000                  0.0000000000                  0.0000000000
      466                1677600.000000                 -0.0000000000                  0.0000000000                  0.0000000000
      467                1681200.000000                 -0.0000000000                  0.0000000000                  0.0000000000
      468                1684800.000000                 -0.0000000000                  0.0000000000                  0.0000000000
      469                1688400.000000                 -0.0000000000                  0.0000000000                  0.0000000000
      470                1692000.000000                 -0.0000000000                  0.0000000000                  0.0000000000
      471                1695600.000000                 -0.0000000000                  0.0000000000                  0.0000000000
      472                1699200.000000                 -0.0000000000                  0.0000000000                  0.0000000000
      473                1702800.000000                 -0.0000000000                  0.0000000000                  0.0000000000
      474                1706400.000000                 -0.0000000000                  0.0000000000                  0.0000000000
      475                1710000.000000                 -0.0000000000                  0.0000000000                  0.0000000000
      476                1713600.000000                 -0.0000000000                  0.0000000000                  0.0000000000
      477                1717200.000000                 -0.0000000000                  0.0000000000                  0.0000000000
      478                1720800.000000                 -0.0000000000                  0.0000000000                  0.0000000000
      479                1724400.000000                 -0.0000000000                  0.0000000000                  0.0000000000
      480                1728000.000000                 -0.0000000000                  0.0000000000                  0.0000000000
      481                1731600.000000                 -0.0000000000                  0.0000000000                  0.0000000000
      482                1735200.000000                 -0.0000000000                  0.0000000000                  0.0000000000
      483                1738800.000000                 -0.0000000000                  0.0000000000                  0.0000000000
      484                1742400.000000                 -0.0000000000                  0.0000000000                  0.0000000000
      485                1746000.000000                 -0.0000000000                  0.0000000000                  0.0000000000
      486                1749600.000000                 -0.0000000000                  0.0000000000                  0.0000000000
      487                1753200.000000                 -0.0000000000                  0.0000000000                  0.0000000000
      488                1756800.000000                 -0.0000000000                  0.0000000000                  0.0000000000
      489                1760400.000000                 -0.0000000000                  0.0000000000                  0.0000000000
      490                1764000.000000                 -0.0000000000                  0.0000000000                  0.0000000000
      491                1767600.000000                 -0.0000000000                  0.0000000000                  0.0000000000
      492                1771200.000000                 -0.0000000000                  0.0000000000                  0.0000000000
      493                1774800.000000                 -0.0000000000                  0.0000000000                  0.0000000000
      494                1778400.000000                 -0.0000000000                  0.0000000000                  0.0000000000
      495                1782000.000000                 -0.0000000000                  0.0000000000                  0.0000000000
      496                1785600.000000                 -0.0000000000                  0.0000000000                  0.0000000000
      497                1789200.000000                 -0.0000000000                  0.0000000000                  0.0000000000
      498                1792800.000000                 -0.0000000000                  0.0000000000                  0.0000000000
      499                1796400.000000                 -0.0000000000                  0.0000000000                  0.0000000000
      500                1800000.000000                 -0.0000000000                  0.0000000000                  0.0000000000
      501                1803600.000000                 -0.0000000000                  0.0000000000                  0.0000000000
      502                1807200.000000                 -0.0000000000                  0.0000000000                  0.0000000000
      503                1810800.000000                 -0.0000000000                  0.0000000000                  0.0000000000
      504                1814400.000000                 -0.0000000000                  0.0000000000                  0.0000000000
      505                1818000.000000                 -0.0000000000                  0.0000000000                  0.0000000000
      506                1821600.000000                 -0.0000000000                  0.0000000000                  0.0000000000
      507                1825200.000000                 -0.0000000000                  0.0000000000                  0.0000000000
      508                1828800.000000                 -0.0000000000                  0.0000000000                  0.0000000000
      509                1832400.000000                 -0.0000000000                  0.0000000000                  0.0000000000
      510                1836000.000000                 -0.0000000000                  0.0000000000                  0.0000000000
      511                1839600.000000                 -0.0000000000                  0.0000000000                  0.0000000000
      512                1843200.000000                 -0.0000000000                  0.0000000000                  0.0000000000
      513                1846800.000000                 -0.0000000000                  0.0000000000                  0.0000000000
      514                1850400.000000                 -0.0000000000                  0.0000000000                  0.0000000000
      515                1854000.000000                 -0.0000000000                  0.0000000000                  0.0000000000
      516                1857600.000000                 -0.0000000000                  0.0000000000                  0.0000000000
      517                1861200.000000                 -0.0000000000                  0.0000000000                  0.0000000000
      518                1864800.000000                 -0.0000000000                  0.0000000000                  0.0000000000
      519                1868400.000000                 -0.0000000000                  0.0000000000                  0.0000000000
      520                1872000.000000                 -0.0000000000                  0.0000000000                  0.0000000000
      521                1875600.000000                 -0.0000000000                  0.0000000000                  0.0000000000
      522                1879200.000000                 -0.0000000000                  0.0000000000                  0.0000000000
      523                1882800.000000                 -0.0000000000                  0.0000000000                  0.0000000000
      524                1886400.000000                 -0.0000000000                  0.0000000000                  0.0000000000
      525                1890000.000000                 -0.0000000000                  0.0000000000                  0.0000000000
      526                1893600.000000                 -0.0000000000                  0.0000000000                  0.0000000000
      527                1897200.000000                 -0.0000000000                  0.0000000000                  0.0000000000
      528                1900800.000000                 -0.0000000000                  0.0000000000                  0.0000000000
      529                1904400.000000                 -0.0000000000                  0.0000000000                  0.0000000000
      530                1908000.000000                 -0.0000000000                  0.0000000000                  0.0000000000
      531                1911600.000000                 -0.0000000000                  0.0000000000                  0.0000000000
      532                1915200.000000                 -0.0000000000                  0.0000000000                  0.0000000000
      533                1918800.000000                 -0.0000000000                  0.0000000000                  0.0000000000
      534                1922400.000000                 -0.0000000000                  0.0000000000                  0.0000000000
      535                1926000.000000                 -0.0000000000                  0.0000000000                  0.0000000000
      536                1929600.000000                 -0.0000000000                  0.0000000000                  0.0000000000
      537                1933200.000000                 -0.0000000000                  0.0000000000                  0.0000000000
      538                1936800.000000                 -0.0000000000                  0.0000000000                  0.0000000000
      539                1940400.000000                 -0.0000000000                  0.0000000000                  0.0000000000
      540                1944000.000000                 -0.0000000000                  0.0000000000                  0.0000000000
      541                1947600.000000                 -0.0000000000                  0.0000000000                  0.0000000000
      542                1951200.000000                 -0.0000000000                  0.0000000000                  0.0000000000
      543                1954800.000000                 -0.0000000000                  0.0000000000                  0.0000000000
      544                1958400.000000                 -0.0000000000                  0.0000000000                  0.0000000000
      545                1962000.000000                 -0.0000000000                  0.0000000000                  0.0000000000
      546                1965600.000000                 -0.0000000000                  0.0000000000                  0.0000000000
      547                1969200.000000                 -0.0000000000                  0.0000000000                  0.0000000000
      548                1972800.000000                 -0.0000000000                  0.0000000000                  0.0000000000
      549                1976400.000000                 -0.0000000000                  0.0000000000                  0.0000000000
      550                1980000.000000                 -0.0000000000                  0.0000000000                  0.0000000000
      551                1983600.000000                 -0.0000000000                  0.0000000000                  0.0000000000
      552                1987200.000000                 -0.0000000000                  0.0000000000                  0.0000000000
      553                1990800.000000                 -0.0000000000                  0.0000000000                  0.0000000000
      554                1994400.000000                 -0.0000000000                  0.0000000000                  0.0000000000
      555                1998000.000000                 -0.0000000000                  0.0000000000                  0.0000000000
      556                2001600.000000                 -0.0000000000                  0.0000000000                  0.0000000000
      557                2005200.000000                 -0.0000000000                  0.0000000000                  0.0000000000
      558                2008800.000000                 -0.0000000000                  0.0000000000                  0.0000000000
      559                2012400.000000                 -0.0000000000                  0.0000000000                  0.0000000000
      560                2016000.000000                 -0.0000000000                  0.0000000000                  0.0000000000
      561                2019600.000000                 -0.0000000000                  0.0000000000                  0.0000000000
      562                2023200.000000                 -0.0000000000                  0.0000000000                  0.0000000000
      563                2026800.000000                 -0.0000000000                  0.0000000000                  0.0000000000
      564                2030400.000000                 -0.0000000000                  0.0000000000                  0.0000000000
      565                2034000.000000                 -0.0000000000                  0.0000000000                  0.0000000000
      566                2037600.000000                 -0.0000000000                  0.0000000000                  0.0000000000
      567                2041200.000000                 -0.0000000000                  0.0000000000                  0.0000000000
      568                2044800.000000                 -0.0000000000                  0.0000000000                  0.0000000000
      569                2048400.000000                 -0.0000000000                  0.0000000000                  0.0000000000
      570                2052000.000000                 -0.0000000000                  0.0000000000                  0.0000000000
      571                2055600.000000                 -0.0000000000                  0.0000000000                  0.0000000000
      572                2059200.000000                 -0.0000000000                  0.0000000000                  0.0000000000
      573                2062800.000000                 -0.0000000000                  0.0000000000                  0.0000000000
      574                2066400.000000                 -0.0000000000                  0.0000000000                  0.0000000000
      575                2070000.000000                 -0.0000000000                  0.0000000000                  0.0000000000
      576                2073600.000000                 -0.0000000000                  0.0000000000                  0.0000000000
      577                2077200.000000                 -0.0000000000                  0.0000000000                  0.0000000000
      578                2080800.000000                 -0.0000000000                  0.0000000000                  0.0000000000
      579                2084400.000000                 -0.0000000000                  0.0000000000                  0.0000000000
      580                2088000.000000                 -0.0000000000                  0.0000000000                  0.0000000000
      581                2091600.000000                 -0.0000000000                  0.0000000000                  0.0000000000
      582                2095200.000000                 -0.0000000000                  0.0000000000                  0.0000000000
      583                2098800.000000                 -0.0000000000                  0.0000000000                  0.0000000000
      584                2102400.000000                 -0.0000000000                  0.0000000000                  0.0000000000
      585                2106000.000000                 -0.0000000000                  0.0000000000                  0.0000000000
      586                2109600.000000                 -0.0000000000                  0.0000000000                  0.0000000000
      587                2113200.000000                 -0.0000000000                  0.0000000000                  0.0000000000
      588                2116800.000000                 -0.0000000000                  0.0000000000                  0.0000000000
      589                2120400.000000                 -0.0000000000                  0.0000000000                  0.0000000000
      590                2124000.000000                 -0.0000000000                  0.0000000000                  0.0000000000
      591                2127600.000000                 -0.0000000000                  0.0000000000                  0.0000000000
      592                2131200.000000                 -0.0000000000                  0.0000000000                  0.0000000000
      593                2134800.000000                 -0.0000000000                  0.0000000000                  0.0000000000
      594                2138400.000000                 -0.0000000000                  0.0000000000                  0.0000000000
      595                2142000.000000                 -0.0000000000                  0.0000000000                  0.0000000000
      596                2145600.000000                 -0.0000000000                  0.0000000000                  0.0000000000
      597                2149200.000000                 -0.0000000000                  0.0000000000                  0.0000000000
      598                2152800.000000                 -0.0000000000                  0.0000000000                  0.0000000000
      599                2156400.000000                 -0.0000000000                  0.0000000000                  0.0000000000
      600                2160000.000000                 -0.0000000000                  0.0000000000                  0.0000000000
