initialpres
 1  0.d0 
 2  1.d-3
 3  1.d-3
 4  0.d0 
 5  0.d0
 6  1.d-3
 7  1.d-3
 8  0.d0 
 9  2.d-3
10  2.d-3
11  2.d-3
12  2.d-3
13  3.d-3
14  3.d-3
15  3.d-3
16  3.d-3
17  4.d-3
18  4.d-3
19  4.d-3
20  4.d-3
21  5.d-3
22  5.d-3
23  5.d-3
24  5.d-3
25  6.d-3
26  6.d-3
27  6.d-3
28  6.d-3
29  7.d-3
30  7.d-3
31  7.d-3
32  7.d-3
33  8.d-3
34  8.d-3
35  8.d-3
36  8.d-3
37  9.d-3
38  9.d-3
39  9.d-3
40  9.d-3
41  1.d-2
42  1.d-2
43  1.d-2
44  1.d-2
end initialpres
//initialstress
 1  -0.0d0    -0.0d0    -0.d0   0.0d0 0.0d0 0.0d0
 2  -6.10d-4  -6.10d-4  -1.2d-3 0.0d0 0.0d0 0.0d0
 3  -6.10d-4  -6.10d-4  -1.2d-3 0.0d0 0.0d0 0.0d0
 4  -0.d0     -0.d0     -0.d0   0.0d0 0.0d0 0.0d0
 5  -0.d0     -0.d0     -0.d0   0.0d0 0.0d0 0.0d0
 6  -6.10d-4  -6.10d-4  -1.2d-3  0.0d0 0.0d0 0.0d0
 7  -6.10d-4  -6.10d-4  -1.2d-3  0.0d0 0.0d0 0.0d0
 8  -0.d0     -0.d0     -0.d0    0.0d0 0.0d0 0.0d0
 9  -1.22d-3  -1.22d-3  -2.4d-3  0.0d0 0.0d0 0.0d0
10  -1.22d-3  -1.22d-3  -2.4d-3  0.0d0 0.0d0 0.0d0
11  -1.22d-3  -1.22d-3  -2.4d-3  0.0d0 0.0d0 0.0d0
12  -1.22d-3  -1.22d-3  -2.4d-3  0.0d0 0.0d0 0.0d0
13  -1.83d-3  -1.83d-3  -3.6d-3  0.0d0 0.0d0 0.0d0
14  -1.83d-3  -1.83d-3  -3.6d-3  0.0d0 0.0d0 0.0d0
15  -1.83d-3  -1.83d-3  -3.6d-3  0.0d0 0.0d0 0.0d0
16  -1.83d-3  -1.83d-3  -3.6d-3  0.0d0 0.0d0 0.0d0
17  -2.44d-3  -2.44d-3  -4.8d-3  0.0d0 0.0d0 0.0d0
18  -2.44d-3  -2.44d-3  -4.8d-3  0.0d0 0.0d0 0.0d0
19  -2.44d-3  -2.44d-3  -4.8d-3  0.0d0 0.0d0 0.0d0
20  -2.44d-3  -2.44d-3  -4.8d-3  0.0d0 0.0d0 0.0d0
21  -3.05d-3  -3.05d-3  -6.0d-3  0.0d0 0.0d0 0.0d0
22  -3.05d-3  -3.05d-3  -6.0d-3  0.0d0 0.0d0 0.0d0
23  -3.05d-3  -3.05d-3  -6.0d-3  0.0d0 0.0d0 0.0d0
24  -3.05d-3  -3.05d-3  -6.0d-3  0.0d0 0.0d0 0.0d0
25  -3.66d-3  -3.66d-3  -7.2d-3  0.0d0 0.0d0 0.0d0
26  -3.66d-3  -3.66d-3  -7.2d-3  0.0d0 0.0d0 0.0d0
27  -3.66d-3  -3.66d-3  -7.2d-3  0.0d0 0.0d0 0.0d0
28  -3.66d-3  -3.66d-3  -7.2d-3  0.0d0 0.0d0 0.0d0
29  -4.27d-3  -4.27d-3  -8.4d-3  0.0d0 0.0d0 0.0d0
30  -4.27d-3  -4.27d-3  -8.4d-3  0.0d0 0.0d0 0.0d0
31  -4.27d-3  -4.27d-3  -8.4d-3  0.0d0 0.0d0 0.0d0
32  -4.27d-3  -4.27d-3  -8.4d-3  0.0d0 0.0d0 0.0d0
33  -4.88d-3  -4.88d-3  -9.6d-3  0.0d0 0.0d0 0.0d0
34  -4.88d-3  -4.88d-3  -9.6d-3  0.0d0 0.0d0 0.0d0
35  -4.88d-3  -4.88d-3  -9.6d-3  0.0d0 0.0d0 0.0d0
36  -4.88d-3  -4.88d-3  -9.6d-3  0.0d0 0.0d0 0.0d0
37  -5.49d-3  -5.49d-3  -1.08d-2 0.0d0 0.0d0 0.0d0
38  -5.49d-3  -5.49d-3  -1.08d-2 0.0d0 0.0d0 0.0d0
39  -5.49d-3  -5.49d-3  -1.08d-2 0.0d0 0.0d0 0.0d0
40  -5.49d-3  -5.49d-3  -1.08d-2 0.0d0 0.0d0 0.0d0
41  -6.10d-3  -6.10d-3  -1.2d-2  0.0d0 0.0d0 0.0d0
42  -6.10d-3  -6.10d-3  -1.2d-2  0.0d0 0.0d0 0.0d0
43  -6.10d-3  -6.10d-3  -1.2d-2  0.0d0 0.0d0 0.0d0
44  -6.10d-3  -6.10d-3  -1.2d-2  0.0d0 0.0d0 0.0d0
//end initialstress
return