# Variacao DeslocAndPress no tempo no ponto      747
        0                      0.000000                  0.0000000000                  0.0000000000                  0.0000000000                  0.0100000000
        1                   3600.000000                  0.0000000000                  0.0000000000                  0.0000000000                  3.9092660583
        2                   7200.000000                  0.0000000000                  0.0000000000                  0.0000000000                  3.9073815863
        3                  10800.000000                  0.0000000000                  0.0000000000                  0.0000000000                  3.9031038576
        4                  14400.000000                  0.0000000000                  0.0000000000                  0.0000000000                  3.8945576824
        5                  18000.000000                  0.0000000000                  0.0000000000                  0.0000000000                  3.8799017437
        6                  21600.000000                  0.0000000000                  0.0000000000                  0.0000000000                  3.8579899678
        7                  25200.000000                  0.0000000000                  0.0000000000                  0.0000000000                  3.8283996135
        8                  28800.000000                  0.0000000000                  0.0000000000                  0.0000000000                  3.7913166070
        9                  32400.000000                  0.0000000000                  0.0000000000                  0.0000000000                  3.7473527872
       10                  36000.000000                  0.0000000000                  0.0000000000                  0.0000000000                  3.6973636067
       11                  39600.000000                  0.0000000000                  0.0000000000                  0.0000000000                  3.6423026704
       12                  43200.000000                  0.0000000000                  0.0000000000                  0.0000000000                  3.5831218091
       13                  46800.000000                  0.0000000000                  0.0000000000                  0.0000000000                  3.5207109390
       14                  50400.000000                  0.0000000000                  0.0000000000                  0.0000000000                  3.4558673884
       15                  54000.000000                  0.0000000000                  0.0000000000                  0.0000000000                  3.3892847941
       16                  57600.000000                  0.0000000000                  0.0000000000                  0.0000000000                  3.3215538487
       17                  61200.000000                  0.0000000000                  0.0000000000                  0.0000000000                  3.2531695202
       18                  64800.000000                  0.0000000000                  0.0000000000                  0.0000000000                  3.1845412726
       19                  68400.000000                  0.0000000000                  0.0000000000                  0.0000000000                  3.1160041852
       20                  72000.000000                  0.0000000000                  0.0000000000                  0.0000000000                  3.0478297933
       21                  75600.000000                  0.0000000000                  0.0000000000                  0.0000000000                  2.9802360441
       22                  79200.000000                  0.0000000000                  0.0000000000                  0.0000000000                  2.9133961177
       23                  82800.000000                  0.0000000000                  0.0000000000                  0.0000000000                  2.8474460605
       24                  86400.000000                  0.0000000000                  0.0000000000                  0.0000000000                  2.7824912853
       25                  90000.000000                  0.0000000000                  0.0000000000                  0.0000000000                  2.7186120450
       26                  93600.000000                  0.0000000000                  0.0000000000                  0.0000000000                  2.6558680056
       27                  97200.000000                  0.0000000000                  0.0000000000                  0.0000000000                  2.5943020435
       28                 100800.000000                  0.0000000000                  0.0000000000                  0.0000000000                  2.5339433863
       29                 104400.000000                  0.0000000000                  0.0000000000                  0.0000000000                  2.4748102006
       30                 108000.000000                  0.0000000000                  0.0000000000                  0.0000000000                  2.4169117207
       31                 111600.000000                  0.0000000000                  0.0000000000                  0.0000000000                  2.3602499940
       32                 115200.000000                  0.0000000000                  0.0000000000                  0.0000000000                  2.3048213124
       33                 118800.000000                  0.0000000000                  0.0000000000                  0.0000000000                  2.2506173822
       34                 122400.000000                  0.0000000000                  0.0000000000                  0.0000000000                  2.1976262808
       35                 126000.000000                  0.0000000000                  0.0000000000                  0.0000000000                  2.1458332372
       36                 129600.000000                  0.0000000000                  0.0000000000                  0.0000000000                  2.0952212687
       37                 133200.000000                  0.0000000000                  0.0000000000                  0.0000000000                  2.0457716988
       38                 136800.000000                  0.0000000000                  0.0000000000                  0.0000000000                  1.9974645792
       39                 140400.000000                  0.0000000000                  0.0000000000                  0.0000000000                  1.9502790320
       40                 144000.000000                  0.0000000000                  0.0000000000                  0.0000000000                  1.9041935266
       41                 147600.000000                  0.0000000000                  0.0000000000                  0.0000000000                  1.8591861053
       42                 151200.000000                  0.0000000000                  0.0000000000                  0.0000000000                  1.8152345633
       43                 154800.000000                  0.0000000000                  0.0000000000                  0.0000000000                  1.7723165953
       44                 158400.000000                  0.0000000000                  0.0000000000                  0.0000000000                  1.7304099121
       45                 162000.000000                  0.0000000000                  0.0000000000                  0.0000000000                  1.6894923339
       46                 165600.000000                  0.0000000000                  0.0000000000                  0.0000000000                  1.6495418639
       47                 169200.000000                  0.0000000000                  0.0000000000                  0.0000000000                  1.6105367474
       48                 172800.000000                  0.0000000000                  0.0000000000                  0.0000000000                  1.5724555169
       49                 176400.000000                  0.0000000000                  0.0000000000                  0.0000000000                  1.5352770271
       50                 180000.000000                  0.0000000000                  0.0000000000                  0.0000000000                  1.4989804817
       51                 183600.000000                  0.0000000000                  0.0000000000                  0.0000000000                  1.4635454534
       52                 187200.000000                  0.0000000000                  0.0000000000                  0.0000000000                  1.4289518976
       53                 190800.000000                  0.0000000000                  0.0000000000                  0.0000000000                  1.3951801625
       54                 194400.000000                  0.0000000000                  0.0000000000                  0.0000000000                  1.3622109949
       55                 198000.000000                  0.0000000000                  0.0000000000                  0.0000000000                  1.3300255435
       56                 201600.000000                  0.0000000000                  0.0000000000                  0.0000000000                  1.2986053593
       57                 205200.000000                  0.0000000000                  0.0000000000                  0.0000000000                  1.2679323948
       58                 208800.000000                  0.0000000000                  0.0000000000                  0.0000000000                  1.2379890012
       59                 212400.000000                  0.0000000000                  0.0000000000                  0.0000000000                  1.2087579241
       60                 216000.000000                  0.0000000000                  0.0000000000                  0.0000000000                  1.1802222997
       61                 219600.000000                  0.0000000000                  0.0000000000                  0.0000000000                  1.1523656482
       62                 223200.000000                  0.0000000000                  0.0000000000                  0.0000000000                  1.1251718686
       63                 226800.000000                  0.0000000000                  0.0000000000                  0.0000000000                  1.0986252317
       64                 230400.000000                  0.0000000000                  0.0000000000                  0.0000000000                  1.0727103735
       65                 234000.000000                  0.0000000000                  0.0000000000                  0.0000000000                  1.0474122879
       66                 237600.000000                  0.0000000000                  0.0000000000                  0.0000000000                  1.0227163203
       67                 241200.000000                  0.0000000000                  0.0000000000                  0.0000000000                  0.9986081595
       68                 244800.000000                  0.0000000000                  0.0000000000                  0.0000000000                  0.9750738309
       69                 248400.000000                  0.0000000000                  0.0000000000                  0.0000000000                  0.9520996894
       70                 252000.000000                  0.0000000000                  0.0000000000                  0.0000000000                  0.9296724115
       71                 255600.000000                  0.0000000000                  0.0000000000                  0.0000000000                  0.9077789891
       72                 259200.000000                  0.0000000000                  0.0000000000                  0.0000000000                  0.8864067217
       73                 262800.000000                  0.0000000000                  0.0000000000                  0.0000000000                  0.8655432093
       74                 266400.000000                  0.0000000000                  0.0000000000                  0.0000000000                  0.8451763464
       75                 270000.000000                  0.0000000000                  0.0000000000                  0.0000000000                  0.8252943144
       76                 273600.000000                  0.0000000000                  0.0000000000                  0.0000000000                  0.8058855751
       77                 277200.000000                  0.0000000000                  0.0000000000                  0.0000000000                  0.7869388645
       78                 280800.000000                  0.0000000000                  0.0000000000                  0.0000000000                  0.7684431861
       79                 284400.000000                  0.0000000000                  0.0000000000                  0.0000000000                  0.7503878047
       80                 288000.000000                  0.0000000000                  0.0000000000                  0.0000000000                  0.7327622403
       81                 291600.000000                  0.0000000000                  0.0000000000                  0.0000000000                  0.7155562622
       82                 295200.000000                  0.0000000000                  0.0000000000                  0.0000000000                  0.6987598828
       83                 298800.000000                  0.0000000000                  0.0000000000                  0.0000000000                  0.6823633522
       84                 302400.000000                  0.0000000000                  0.0000000000                  0.0000000000                  0.6663571523
       85                 306000.000000                  0.0000000000                  0.0000000000                  0.0000000000                  0.6507319917
       86                 309600.000000                  0.0000000000                  0.0000000000                  0.0000000000                  0.6354787999
       87                 313200.000000                  0.0000000000                  0.0000000000                  0.0000000000                  0.6205887221
       88                 316800.000000                  0.0000000000                  0.0000000000                  0.0000000000                  0.6060531145
       89                 320400.000000                  0.0000000000                  0.0000000000                  0.0000000000                  0.5918635389
       90                 324000.000000                  0.0000000000                  0.0000000000                  0.0000000000                  0.5780117579
       91                 327600.000000                  0.0000000000                  0.0000000000                  0.0000000000                  0.5644897302
       92                 331200.000000                  0.0000000000                  0.0000000000                  0.0000000000                  0.5512896059
       93                 334800.000000                  0.0000000000                  0.0000000000                  0.0000000000                  0.5384037219
       94                 338400.000000                  0.0000000000                  0.0000000000                  0.0000000000                  0.5258245974
       95                 342000.000000                  0.0000000000                  0.0000000000                  0.0000000000                  0.5135449300
       96                 345600.000000                  0.0000000000                  0.0000000000                  0.0000000000                  0.5015575908
       97                 349200.000000                  0.0000000000                  0.0000000000                  0.0000000000                  0.4898556208
       98                 352800.000000                  0.0000000000                  0.0000000000                  0.0000000000                  0.4784322265
       99                 356400.000000                  0.0000000000                  0.0000000000                  0.0000000000                  0.4672807762
      100                 360000.000000                  0.0000000000                  0.0000000000                  0.0000000000                  0.4563947961
      101                 363600.000000                  0.0000000000                  0.0000000000                  0.0000000000                  0.4457679665
      102                 367200.000000                  0.0000000000                  0.0000000000                  0.0000000000                  0.4353941180
      103                 370800.000000                  0.0000000000                  0.0000000000                  0.0000000000                  0.4252672282
      104                 374400.000000                  0.0000000000                  0.0000000000                  0.0000000000                  0.4153814182
      105                 378000.000000                  0.0000000000                  0.0000000000                  0.0000000000                  0.4057309486
      106                 381600.000000                  0.0000000000                  0.0000000000                  0.0000000000                  0.3963102172
      107                 385200.000000                  0.0000000000                  0.0000000000                  0.0000000000                  0.3871137547
      108                 388800.000000                  0.0000000000                  0.0000000000                  0.0000000000                  0.3781362222
      109                 392400.000000                  0.0000000000                  0.0000000000                  0.0000000000                  0.3693724080
      110                 396000.000000                  0.0000000000                  0.0000000000                  0.0000000000                  0.3608172243
      111                 399600.000000                  0.0000000000                  0.0000000000                  0.0000000000                  0.3524657044
      112                 403200.000000                  0.0000000000                  0.0000000000                  0.0000000000                  0.3443129999
      113                 406800.000000                  0.0000000000                  0.0000000000                  0.0000000000                  0.3363543779
      114                 410400.000000                  0.0000000000                  0.0000000000                  0.0000000000                  0.3285852180
      115                 414000.000000                  0.0000000000                  0.0000000000                  0.0000000000                  0.3210010100
      116                 417600.000000                  0.0000000000                  0.0000000000                  0.0000000000                  0.3135973509
      117                 421200.000000                  0.0000000000                  0.0000000000                  0.0000000000                  0.3063699426
      118                 424800.000000                  0.0000000000                  0.0000000000                  0.0000000000                  0.2993145892
      119                 428400.000000                  0.0000000000                  0.0000000000                  0.0000000000                  0.2924271948
      120                 432000.000000                  0.0000000000                  0.0000000000                  0.0000000000                  0.2857037611
      121                 435600.000000                  0.0000000000                  0.0000000000                  0.0000000000                  0.2791403848
      122                 439200.000000                  0.0000000000                  0.0000000000                  0.0000000000                  0.2727332555
      123                 442800.000000                  0.0000000000                  0.0000000000                  0.0000000000                  0.2664786538
      124                 446400.000000                  0.0000000000                  0.0000000000                  0.0000000000                  0.2603729484
      125                 450000.000000                  0.0000000000                  0.0000000000                  0.0000000000                  0.2544125949
      126                 453600.000000                  0.0000000000                  0.0000000000                  0.0000000000                  0.2485941330
      127                 457200.000000                  0.0000000000                  0.0000000000                  0.0000000000                  0.2429141847
      128                 460800.000000                  0.0000000000                  0.0000000000                  0.0000000000                  0.2373694528
      129                 464400.000000                  0.0000000000                  0.0000000000                  0.0000000000                  0.2319567182
      130                 468000.000000                  0.0000000000                  0.0000000000                  0.0000000000                  0.2266728386
      131                 471600.000000                  0.0000000000                  0.0000000000                  0.0000000000                  0.2215147466
      132                 475200.000000                  0.0000000000                  0.0000000000                  0.0000000000                  0.2164794475
      133                 478800.000000                  0.0000000000                  0.0000000000                  0.0000000000                  0.2115640183
      134                 482400.000000                  0.0000000000                  0.0000000000                  0.0000000000                  0.2067656053
      135                 486000.000000                  0.0000000000                  0.0000000000                  0.0000000000                  0.2020814229
      136                 489600.000000                  0.0000000000                  0.0000000000                  0.0000000000                  0.1975087516
      137                 493200.000000                  0.0000000000                  0.0000000000                  0.0000000000                  0.1930449369
      138                 496800.000000                  0.0000000000                  0.0000000000                  0.0000000000                  0.1886873873
      139                 500400.000000                  0.0000000000                  0.0000000000                  0.0000000000                  0.1844335732
      140                 504000.000000                  0.0000000000                  0.0000000000                  0.0000000000                  0.1802810248
      141                 507600.000000                  0.0000000000                  0.0000000000                  0.0000000000                  0.1762273317
      142                 511200.000000                  0.0000000000                  0.0000000000                  0.0000000000                  0.1722701404
      143                 514800.000000                  0.0000000000                  0.0000000000                  0.0000000000                  0.1684071535
      144                 518400.000000                  0.0000000000                  0.0000000000                  0.0000000000                  0.1646361286
      145                 522000.000000                  0.0000000000                  0.0000000000                  0.0000000000                  0.1609548763
      146                 525600.000000                  0.0000000000                  0.0000000000                  0.0000000000                  0.1573612595
      147                 529200.000000                  0.0000000000                  0.0000000000                  0.0000000000                  0.1538531920
      148                 532800.000000                  0.0000000000                  0.0000000000                  0.0000000000                  0.1504286372
      149                 536400.000000                  0.0000000000                  0.0000000000                  0.0000000000                  0.1470856070
      150                 540000.000000                  0.0000000000                  0.0000000000                  0.0000000000                  0.1438221607
      151                 543600.000000                  0.0000000000                  0.0000000000                  0.0000000000                  0.1406364036
      152                 547200.000000                  0.0000000000                  0.0000000000                  0.0000000000                  0.1375264864
      153                 550800.000000                  0.0000000000                  0.0000000000                  0.0000000000                  0.1344906035
      154                 554400.000000                  0.0000000000                  0.0000000000                  0.0000000000                  0.1315269926
      155                 558000.000000                  0.0000000000                  0.0000000000                  0.0000000000                  0.1286339331
      156                 561600.000000                  0.0000000000                  0.0000000000                  0.0000000000                  0.1258097454
      157                 565200.000000                  0.0000000000                  0.0000000000                  0.0000000000                  0.1230527901
      158                 568800.000000                  0.0000000000                  0.0000000000                  0.0000000000                  0.1203614667
      159                 572400.000000                  0.0000000000                  0.0000000000                  0.0000000000                  0.1177342125
      160                 576000.000000                  0.0000000000                  0.0000000000                  0.0000000000                  0.1151695026
      161                 579600.000000                  0.0000000000                  0.0000000000                  0.0000000000                  0.1126658479
      162                 583200.000000                  0.0000000000                  0.0000000000                  0.0000000000                  0.1102217949
      163                 586800.000000                  0.0000000000                  0.0000000000                  0.0000000000                  0.1078359248
      164                 590400.000000                  0.0000000000                  0.0000000000                  0.0000000000                  0.1055068525
      165                 594000.000000                  0.0000000000                  0.0000000000                  0.0000000000                  0.1032332259
      166                 597600.000000                  0.0000000000                  0.0000000000                  0.0000000000                  0.1010137249
      167                 601200.000000                  0.0000000000                  0.0000000000                  0.0000000000                  0.0988470613
      168                 604800.000000                  0.0000000000                  0.0000000000                  0.0000000000                  0.0967319769
      169                 608400.000000                  0.0000000000                  0.0000000000                  0.0000000000                  0.0946672441
      170                 612000.000000                  0.0000000000                  0.0000000000                  0.0000000000                  0.0926516641
      171                 615600.000000                  0.0000000000                  0.0000000000                  0.0000000000                  0.0906840668
      172                 619200.000000                  0.0000000000                  0.0000000000                  0.0000000000                  0.0887633099
      173                 622800.000000                  0.0000000000                  0.0000000000                  0.0000000000                  0.0868882784
      174                 626400.000000                  0.0000000000                  0.0000000000                  0.0000000000                  0.0850578837
      175                 630000.000000                  0.0000000000                  0.0000000000                  0.0000000000                  0.0832710632
      176                 633600.000000                  0.0000000000                  0.0000000000                  0.0000000000                  0.0815267795
      177                 637200.000000                  0.0000000000                  0.0000000000                  0.0000000000                  0.0798240201
      178                 640800.000000                  0.0000000000                  0.0000000000                  0.0000000000                  0.0781617964
      179                 644400.000000                  0.0000000000                  0.0000000000                  0.0000000000                  0.0765391435
      180                 648000.000000                  0.0000000000                  0.0000000000                  0.0000000000                  0.0749551192
      181                 651600.000000                  0.0000000000                  0.0000000000                  0.0000000000                  0.0734088041
      182                 655200.000000                  0.0000000000                  0.0000000000                  0.0000000000                  0.0718993004
      183                 658800.000000                  0.0000000000                  0.0000000000                  0.0000000000                  0.0704257318
      184                 662400.000000                  0.0000000000                  0.0000000000                  0.0000000000                  0.0689872429
      185                 666000.000000                  0.0000000000                  0.0000000000                  0.0000000000                  0.0675829984
      186                 669600.000000                  0.0000000000                  0.0000000000                  0.0000000000                  0.0662121833
      187                 673200.000000                  0.0000000000                  0.0000000000                  0.0000000000                  0.0648740017
      188                 676800.000000                  0.0000000000                  0.0000000000                  0.0000000000                  0.0635676766
      189                 680400.000000                  0.0000000000                  0.0000000000                  0.0000000000                  0.0622924498
      190                 684000.000000                  0.0000000000                  0.0000000000                  0.0000000000                  0.0610475810
      191                 687600.000000                  0.0000000000                  0.0000000000                  0.0000000000                  0.0598323473
      192                 691200.000000                  0.0000000000                  0.0000000000                  0.0000000000                  0.0586460434
      193                 694800.000000                  0.0000000000                  0.0000000000                  0.0000000000                  0.0574879805
      194                 698400.000000                  0.0000000000                  0.0000000000                  0.0000000000                  0.0563574864
      195                 702000.000000                  0.0000000000                  0.0000000000                  0.0000000000                  0.0552539047
      196                 705600.000000                  0.0000000000                  0.0000000000                  0.0000000000                  0.0541765947
      197                 709200.000000                  0.0000000000                  0.0000000000                  0.0000000000                  0.0531249311
      198                 712800.000000                  0.0000000000                  0.0000000000                  0.0000000000                  0.0520983033
      199                 716400.000000                  0.0000000000                  0.0000000000                  0.0000000000                  0.0510961153
      200                 720000.000000                  0.0000000000                  0.0000000000                  0.0000000000                  0.0501177852
      201                 723600.000000                  0.0000000000                  0.0000000000                  0.0000000000                  0.0491627452
      202                 727200.000000                  0.0000000000                  0.0000000000                  0.0000000000                  0.0482304408
      203                 730800.000000                  0.0000000000                  0.0000000000                  0.0000000000                  0.0473203307
      204                 734400.000000                  0.0000000000                  0.0000000000                  0.0000000000                  0.0464318866
      205                 738000.000000                  0.0000000000                  0.0000000000                  0.0000000000                  0.0455645928
      206                 741600.000000                  0.0000000000                  0.0000000000                  0.0000000000                  0.0447179456
      207                 745200.000000                  0.0000000000                  0.0000000000                  0.0000000000                  0.0438914536
      208                 748800.000000                  0.0000000000                  0.0000000000                  0.0000000000                  0.0430846371
      209                 752400.000000                  0.0000000000                  0.0000000000                  0.0000000000                  0.0422970275
      210                 756000.000000                  0.0000000000                  0.0000000000                  0.0000000000                  0.0415281676
      211                 759600.000000                  0.0000000000                  0.0000000000                  0.0000000000                  0.0407776112
      212                 763200.000000                  0.0000000000                  0.0000000000                  0.0000000000                  0.0400449225
      213                 766800.000000                  0.0000000000                  0.0000000000                  0.0000000000                  0.0393296760
      214                 770400.000000                  0.0000000000                  0.0000000000                  0.0000000000                  0.0386314567
      215                 774000.000000                  0.0000000000                  0.0000000000                  0.0000000000                  0.0379498591
      216                 777600.000000                  0.0000000000                  0.0000000000                  0.0000000000                  0.0372844875
      217                 781200.000000                  0.0000000000                  0.0000000000                  0.0000000000                  0.0366349557
      218                 784800.000000                  0.0000000000                  0.0000000000                  0.0000000000                  0.0360008866
      219                 788400.000000                  0.0000000000                  0.0000000000                  0.0000000000                  0.0353819121
      220                 792000.000000                  0.0000000000                  0.0000000000                  0.0000000000                  0.0347776728
      221                 795600.000000                  0.0000000000                  0.0000000000                  0.0000000000                  0.0341878180
      222                 799200.000000                  0.0000000000                  0.0000000000                  0.0000000000                  0.0336120052
      223                 802800.000000                  0.0000000000                  0.0000000000                  0.0000000000                  0.0330499001
      224                 806400.000000                  0.0000000000                  0.0000000000                  0.0000000000                  0.0325011765
      225                 810000.000000                  0.0000000000                  0.0000000000                  0.0000000000                  0.0319655157
      226                 813600.000000                  0.0000000000                  0.0000000000                  0.0000000000                  0.0314426068
      227                 817200.000000                  0.0000000000                  0.0000000000                  0.0000000000                  0.0309321463
      228                 820800.000000                  0.0000000000                  0.0000000000                  0.0000000000                  0.0304338377
      229                 824400.000000                  0.0000000000                  0.0000000000                  0.0000000000                  0.0299473918
      230                 828000.000000                  0.0000000000                  0.0000000000                  0.0000000000                  0.0294725261
      231                 831600.000000                  0.0000000000                  0.0000000000                  0.0000000000                  0.0290089651
      232                 835200.000000                  0.0000000000                  0.0000000000                  0.0000000000                  0.0285564396
      233                 838800.000000                  0.0000000000                  0.0000000000                  0.0000000000                  0.0281146868
      234                 842400.000000                  0.0000000000                  0.0000000000                  0.0000000000                  0.0276834504
      235                 846000.000000                  0.0000000000                  0.0000000000                  0.0000000000                  0.0272624799
      236                 849600.000000                  0.0000000000                  0.0000000000                  0.0000000000                  0.0268515311
      237                 853200.000000                  0.0000000000                  0.0000000000                  0.0000000000                  0.0264503652
      238                 856800.000000                  0.0000000000                  0.0000000000                  0.0000000000                  0.0260587494
      239                 860400.000000                  0.0000000000                  0.0000000000                  0.0000000000                  0.0256764564
      240                 864000.000000                  0.0000000000                  0.0000000000                  0.0000000000                  0.0253032643
      241                 867600.000000                  0.0000000000                  0.0000000000                  0.0000000000                  0.0249389563
      242                 871200.000000                  0.0000000000                  0.0000000000                  0.0000000000                  0.0245833210
      243                 874800.000000                  0.0000000000                  0.0000000000                  0.0000000000                  0.0242361519
      244                 878400.000000                  0.0000000000                  0.0000000000                  0.0000000000                  0.0238972475
      245                 882000.000000                  0.0000000000                  0.0000000000                  0.0000000000                  0.0235664110
      246                 885600.000000                  0.0000000000                  0.0000000000                  0.0000000000                  0.0232434503
      247                 889200.000000                  0.0000000000                  0.0000000000                  0.0000000000                  0.0229281781
      248                 892800.000000                  0.0000000000                  0.0000000000                  0.0000000000                  0.0226204112
      249                 896400.000000                  0.0000000000                  0.0000000000                  0.0000000000                  0.0223199709
      250                 900000.000000                  0.0000000000                  0.0000000000                  0.0000000000                  0.0220266829
      251                 903600.000000                  0.0000000000                  0.0000000000                  0.0000000000                  0.0217403769
      252                 907200.000000                  0.0000000000                  0.0000000000                  0.0000000000                  0.0214608866
      253                 910800.000000                  0.0000000000                  0.0000000000                  0.0000000000                  0.0211880499
      254                 914400.000000                  0.0000000000                  0.0000000000                  0.0000000000                  0.0209217083
      255                 918000.000000                  0.0000000000                  0.0000000000                  0.0000000000                  0.0206617072
      256                 921600.000000                  0.0000000000                  0.0000000000                  0.0000000000                  0.0204078957
      257                 925200.000000                  0.0000000000                  0.0000000000                  0.0000000000                  0.0201601263
      258                 928800.000000                  0.0000000000                  0.0000000000                  0.0000000000                  0.0199182554
      259                 932400.000000                  0.0000000000                  0.0000000000                  0.0000000000                  0.0196821424
      260                 936000.000000                  0.0000000000                  0.0000000000                  0.0000000000                  0.0194516502
      261                 939600.000000                  0.0000000000                  0.0000000000                  0.0000000000                  0.0192266452
      262                 943200.000000                  0.0000000000                  0.0000000000                  0.0000000000                  0.0190069966
      263                 946800.000000                  0.0000000000                  0.0000000000                  0.0000000000                  0.0187925769
      264                 950400.000000                  0.0000000000                  0.0000000000                  0.0000000000                  0.0185832617
      265                 954000.000000                  0.0000000000                  0.0000000000                  0.0000000000                  0.0183789294
      266                 957600.000000                  0.0000000000                  0.0000000000                  0.0000000000                  0.0181794615
      267                 961200.000000                  0.0000000000                  0.0000000000                  0.0000000000                  0.0179847420
      268                 964800.000000                  0.0000000000                  0.0000000000                  0.0000000000                  0.0177946581
      269                 968400.000000                  0.0000000000                  0.0000000000                  0.0000000000                  0.0176090992
      270                 972000.000000                  0.0000000000                  0.0000000000                  0.0000000000                  0.0174279577
      271                 975600.000000                  0.0000000000                  0.0000000000                  0.0000000000                  0.0172511285
      272                 979200.000000                  0.0000000000                  0.0000000000                  0.0000000000                  0.0170785089
      273                 982800.000000                  0.0000000000                  0.0000000000                  0.0000000000                  0.0169099986
      274                 986400.000000                  0.0000000000                  0.0000000000                  0.0000000000                  0.0167454999
      275                 990000.000000                  0.0000000000                  0.0000000000                  0.0000000000                  0.0165849172
      276                 993600.000000                  0.0000000000                  0.0000000000                  0.0000000000                  0.0164281573
      277                 997200.000000                  0.0000000000                  0.0000000000                  0.0000000000                  0.0162751292
      278                1000800.000000                  0.0000000000                  0.0000000000                  0.0000000000                  0.0161257441
      279                1004400.000000                  0.0000000000                  0.0000000000                  0.0000000000                  0.0159799152
      280                1008000.000000                  0.0000000000                  0.0000000000                  0.0000000000                  0.0158375580
      281                1011600.000000                  0.0000000000                  0.0000000000                  0.0000000000                  0.0156985897
      282                1015200.000000                  0.0000000000                  0.0000000000                  0.0000000000                  0.0155629296
      283                1018800.000000                  0.0000000000                  0.0000000000                  0.0000000000                  0.0154304990
      284                1022400.000000                  0.0000000000                  0.0000000000                  0.0000000000                  0.0153012211
      285                1026000.000000                  0.0000000000                  0.0000000000                  0.0000000000                  0.0151750208
      286                1029600.000000                  0.0000000000                  0.0000000000                  0.0000000000                  0.0150518248
      287                1033200.000000                  0.0000000000                  0.0000000000                  0.0000000000                  0.0149315615
      288                1036800.000000                  0.0000000000                  0.0000000000                  0.0000000000                  0.0148141613
      289                1040400.000000                  0.0000000000                  0.0000000000                  0.0000000000                  0.0146995558
      290                1044000.000000                  0.0000000000                  0.0000000000                  0.0000000000                  0.0145876786
      291                1047600.000000                  0.0000000000                  0.0000000000                  0.0000000000                  0.0144784648
      292                1051200.000000                  0.0000000000                  0.0000000000                  0.0000000000                  0.0143718509
      293                1054800.000000                  0.0000000000                  0.0000000000                  0.0000000000                  0.0142677751
      294                1058400.000000                  0.0000000000                  0.0000000000                  0.0000000000                  0.0141661769
      295                1062000.000000                  0.0000000000                  0.0000000000                  0.0000000000                  0.0140669973
      296                1065600.000000                  0.0000000000                  0.0000000000                  0.0000000000                  0.0139701787
      297                1069200.000000                  0.0000000000                  0.0000000000                  0.0000000000                  0.0138756651
      298                1072800.000000                  0.0000000000                  0.0000000000                  0.0000000000                  0.0137834014
      299                1076400.000000                  0.0000000000                  0.0000000000                  0.0000000000                  0.0136933341
      300                1080000.000000                  0.0000000000                  0.0000000000                  0.0000000000                  0.0136054109
      301                1083600.000000                  0.0000000000                  0.0000000000                  0.0000000000                  0.0135195809
      302                1087200.000000                  0.0000000000                  0.0000000000                  0.0000000000                  0.0134357941
      303                1090800.000000                  0.0000000000                  0.0000000000                  0.0000000000                  0.0133540019
      304                1094400.000000                  0.0000000000                  0.0000000000                  0.0000000000                  0.0132741569
      305                1098000.000000                  0.0000000000                  0.0000000000                  0.0000000000                  0.0131962126
      306                1101600.000000                  0.0000000000                  0.0000000000                  0.0000000000                  0.0131201239
      307                1105200.000000                  0.0000000000                  0.0000000000                  0.0000000000                  0.0130458465
      308                1108800.000000                  0.0000000000                  0.0000000000                  0.0000000000                  0.0129733374
      309                1112400.000000                  0.0000000000                  0.0000000000                  0.0000000000                  0.0129025545
      310                1116000.000000                  0.0000000000                  0.0000000000                  0.0000000000                  0.0128334565
      311                1119600.000000                  0.0000000000                  0.0000000000                  0.0000000000                  0.0127660035
      312                1123200.000000                  0.0000000000                  0.0000000000                  0.0000000000                  0.0127001563
      313                1126800.000000                  0.0000000000                  0.0000000000                  0.0000000000                  0.0126358767
      314                1130400.000000                  0.0000000000                  0.0000000000                  0.0000000000                  0.0125731273
      315                1134000.000000                  0.0000000000                  0.0000000000                  0.0000000000                  0.0125118717
      316                1137600.000000                  0.0000000000                  0.0000000000                  0.0000000000                  0.0124520743
      317                1141200.000000                  0.0000000000                  0.0000000000                  0.0000000000                  0.0123937005
      318                1144800.000000                  0.0000000000                  0.0000000000                  0.0000000000                  0.0123367163
      319                1148400.000000                  0.0000000000                  0.0000000000                  0.0000000000                  0.0122810886
      320                1152000.000000                  0.0000000000                  0.0000000000                  0.0000000000                  0.0122267853
      321                1155600.000000                  0.0000000000                  0.0000000000                  0.0000000000                  0.0121737746
      322                1159200.000000                  0.0000000000                  0.0000000000                  0.0000000000                  0.0121220260
      323                1162800.000000                  0.0000000000                  0.0000000000                  0.0000000000                  0.0120715092
      324                1166400.000000                  0.0000000000                  0.0000000000                  0.0000000000                  0.0120221951
      325                1170000.000000                  0.0000000000                  0.0000000000                  0.0000000000                  0.0119740549
      326                1173600.000000                  0.0000000000                  0.0000000000                  0.0000000000                  0.0119270607
      327                1177200.000000                  0.0000000000                  0.0000000000                  0.0000000000                  0.0118811853
      328                1180800.000000                  0.0000000000                  0.0000000000                  0.0000000000                  0.0118364020
      329                1184400.000000                  0.0000000000                  0.0000000000                  0.0000000000                  0.0117926848
      330                1188000.000000                  0.0000000000                  0.0000000000                  0.0000000000                  0.0117500083
      331                1191600.000000                  0.0000000000                  0.0000000000                  0.0000000000                  0.0117083478
      332                1195200.000000                  0.0000000000                  0.0000000000                  0.0000000000                  0.0116676791
      333                1198800.000000                  0.0000000000                  0.0000000000                  0.0000000000                  0.0116279785
      334                1202400.000000                  0.0000000000                  0.0000000000                  0.0000000000                  0.0115892230
      335                1206000.000000                  0.0000000000                  0.0000000000                  0.0000000000                  0.0115513901
      336                1209600.000000                  0.0000000000                  0.0000000000                  0.0000000000                  0.0115144578
      337                1213200.000000                  0.0000000000                  0.0000000000                  0.0000000000                  0.0114784048
      338                1216800.000000                  0.0000000000                  0.0000000000                  0.0000000000                  0.0114432100
      339                1220400.000000                  0.0000000000                  0.0000000000                  0.0000000000                  0.0114088531
      340                1224000.000000                  0.0000000000                  0.0000000000                  0.0000000000                  0.0113753141
      341                1227600.000000                  0.0000000000                  0.0000000000                  0.0000000000                  0.0113425735
      342                1231200.000000                  0.0000000000                  0.0000000000                  0.0000000000                  0.0113106124
      343                1234800.000000                  0.0000000000                  0.0000000000                  0.0000000000                  0.0112794120
      344                1238400.000000                  0.0000000000                  0.0000000000                  0.0000000000                  0.0112489545
      345                1242000.000000                  0.0000000000                  0.0000000000                  0.0000000000                  0.0112192220
      346                1245600.000000                  0.0000000000                  0.0000000000                  0.0000000000                  0.0111901973
      347                1249200.000000                  0.0000000000                  0.0000000000                  0.0000000000                  0.0111618636
      348                1252800.000000                  0.0000000000                  0.0000000000                  0.0000000000                  0.0111342044
      349                1256400.000000                  0.0000000000                  0.0000000000                  0.0000000000                  0.0111072036
      350                1260000.000000                  0.0000000000                  0.0000000000                  0.0000000000                  0.0110808457
      351                1263600.000000                  0.0000000000                  0.0000000000                  0.0000000000                  0.0110551152
      352                1267200.000000                  0.0000000000                  0.0000000000                  0.0000000000                  0.0110299972
      353                1270800.000000                  0.0000000000                  0.0000000000                  0.0000000000                  0.0110054772
      354                1274400.000000                  0.0000000000                  0.0000000000                  0.0000000000                  0.0109815409
      355                1278000.000000                  0.0000000000                  0.0000000000                  0.0000000000                  0.0109581744
      356                1281600.000000                  0.0000000000                  0.0000000000                  0.0000000000                  0.0109353642
      357                1285200.000000                  0.0000000000                  0.0000000000                  0.0000000000                  0.0109130970
      358                1288800.000000                  0.0000000000                  0.0000000000                  0.0000000000                  0.0108913599
      359                1292400.000000                  0.0000000000                  0.0000000000                  0.0000000000                  0.0108701403
      360                1296000.000000                  0.0000000000                  0.0000000000                  0.0000000000                  0.0108494258
      361                1299600.000000                  0.0000000000                  0.0000000000                  0.0000000000                  0.0108292045
      362                1303200.000000                  0.0000000000                  0.0000000000                  0.0000000000                  0.0108094645
      363                1306800.000000                  0.0000000000                  0.0000000000                  0.0000000000                  0.0107901945
      364                1310400.000000                  0.0000000000                  0.0000000000                  0.0000000000                  0.0107713832
      365                1314000.000000                  0.0000000000                  0.0000000000                  0.0000000000                  0.0107530197
      366                1317600.000000                  0.0000000000                  0.0000000000                  0.0000000000                  0.0107350934
      367                1321200.000000                  0.0000000000                  0.0000000000                  0.0000000000                  0.0107175939
      368                1324800.000000                  0.0000000000                  0.0000000000                  0.0000000000                  0.0107005109
      369                1328400.000000                  0.0000000000                  0.0000000000                  0.0000000000                  0.0106838346
      370                1332000.000000                  0.0000000000                  0.0000000000                  0.0000000000                  0.0106675553
      371                1335600.000000                  0.0000000000                  0.0000000000                  0.0000000000                  0.0106516635
      372                1339200.000000                  0.0000000000                  0.0000000000                  0.0000000000                  0.0106361501
      373                1342800.000000                  0.0000000000                  0.0000000000                  0.0000000000                  0.0106210060
      374                1346400.000000                  0.0000000000                  0.0000000000                  0.0000000000                  0.0106062224
      375                1350000.000000                  0.0000000000                  0.0000000000                  0.0000000000                  0.0105917907
      376                1353600.000000                  0.0000000000                  0.0000000000                  0.0000000000                  0.0105777026
      377                1357200.000000                  0.0000000000                  0.0000000000                  0.0000000000                  0.0105639499
      378                1360800.000000                  0.0000000000                  0.0000000000                  0.0000000000                  0.0105505245
      379                1364400.000000                  0.0000000000                  0.0000000000                  0.0000000000                  0.0105374188
      380                1368000.000000                  0.0000000000                  0.0000000000                  0.0000000000                  0.0105246251
      381                1371600.000000                  0.0000000000                  0.0000000000                  0.0000000000                  0.0105121359
      382                1375200.000000                  0.0000000000                  0.0000000000                  0.0000000000                  0.0104999440
      383                1378800.000000                  0.0000000000                  0.0000000000                  0.0000000000                  0.0104880424
      384                1382400.000000                  0.0000000000                  0.0000000000                  0.0000000000                  0.0104764241
      385                1386000.000000                  0.0000000000                  0.0000000000                  0.0000000000                  0.0104650824
      386                1389600.000000                  0.0000000000                  0.0000000000                  0.0000000000                  0.0104540107
      387                1393200.000000                  0.0000000000                  0.0000000000                  0.0000000000                  0.0104432026
      388                1396800.000000                  0.0000000000                  0.0000000000                  0.0000000000                  0.0104326517
      389                1400400.000000                  0.0000000000                  0.0000000000                  0.0000000000                  0.0104223521
      390                1404000.000000                  0.0000000000                  0.0000000000                  0.0000000000                  0.0104122976
      391                1407600.000000                  0.0000000000                  0.0000000000                  0.0000000000                  0.0104024825
      392                1411200.000000                  0.0000000000                  0.0000000000                  0.0000000000                  0.0103929010
      393                1414800.000000                  0.0000000000                  0.0000000000                  0.0000000000                  0.0103835477
      394                1418400.000000                  0.0000000000                  0.0000000000                  0.0000000000                  0.0103744170
      395                1422000.000000                  0.0000000000                  0.0000000000                  0.0000000000                  0.0103655036
      396                1425600.000000                  0.0000000000                  0.0000000000                  0.0000000000                  0.0103568025
      397                1429200.000000                  0.0000000000                  0.0000000000                  0.0000000000                  0.0103483085
      398                1432800.000000                  0.0000000000                  0.0000000000                  0.0000000000                  0.0103400167
      399                1436400.000000                  0.0000000000                  0.0000000000                  0.0000000000                  0.0103319223
      400                1440000.000000                  0.0000000000                  0.0000000000                  0.0000000000                  0.0103240206
      401                1443600.000000                  0.0000000000                  0.0000000000                  0.0000000000                  0.0103163070
      402                1447200.000000                  0.0000000000                  0.0000000000                  0.0000000000                  0.0103087770
      403                1450800.000000                  0.0000000000                  0.0000000000                  0.0000000000                  0.0103014263
      404                1454400.000000                  0.0000000000                  0.0000000000                  0.0000000000                  0.0102942506
      405                1458000.000000                  0.0000000000                  0.0000000000                  0.0000000000                  0.0102872457
      406                1461600.000000                  0.0000000000                  0.0000000000                  0.0000000000                  0.0102804075
      407                1465200.000000                  0.0000000000                  0.0000000000                  0.0000000000                  0.0102737322
      408                1468800.000000                  0.0000000000                  0.0000000000                  0.0000000000                  0.0102672157
      409                1472400.000000                  0.0000000000                  0.0000000000                  0.0000000000                  0.0102608544
      410                1476000.000000                  0.0000000000                  0.0000000000                  0.0000000000                  0.0102546445
      411                1479600.000000                  0.0000000000                  0.0000000000                  0.0000000000                  0.0102485825
      412                1483200.000000                  0.0000000000                  0.0000000000                  0.0000000000                  0.0102426648
      413                1486800.000000                  0.0000000000                  0.0000000000                  0.0000000000                  0.0102368879
      414                1490400.000000                  0.0000000000                  0.0000000000                  0.0000000000                  0.0102312486
      415                1494000.000000                  0.0000000000                  0.0000000000                  0.0000000000                  0.0102257435
      416                1497600.000000                  0.0000000000                  0.0000000000                  0.0000000000                  0.0102203695
      417                1501200.000000                  0.0000000000                  0.0000000000                  0.0000000000                  0.0102151234
      418                1504800.000000                  0.0000000000                  0.0000000000                  0.0000000000                  0.0102100022
      419                1508400.000000                  0.0000000000                  0.0000000000                  0.0000000000                  0.0102050029
      420                1512000.000000                  0.0000000000                  0.0000000000                  0.0000000000                  0.0102001226
      421                1515600.000000                  0.0000000000                  0.0000000000                  0.0000000000                  0.0101953585
      422                1519200.000000                  0.0000000000                  0.0000000000                  0.0000000000                  0.0101907078
      423                1522800.000000                  0.0000000000                  0.0000000000                  0.0000000000                  0.0101861679
      424                1526400.000000                  0.0000000000                  0.0000000000                  0.0000000000                  0.0101817360
      425                1530000.000000                  0.0000000000                  0.0000000000                  0.0000000000                  0.0101774096
      426                1533600.000000                  0.0000000000                  0.0000000000                  0.0000000000                  0.0101731862
      427                1537200.000000                  0.0000000000                  0.0000000000                  0.0000000000                  0.0101690633
      428                1540800.000000                  0.0000000000                  0.0000000000                  0.0000000000                  0.0101650386
      429                1544400.000000                  0.0000000000                  0.0000000000                  0.0000000000                  0.0101611097
      430                1548000.000000                  0.0000000000                  0.0000000000                  0.0000000000                  0.0101572744
      431                1551600.000000                  0.0000000000                  0.0000000000                  0.0000000000                  0.0101535303
      432                1555200.000000                  0.0000000000                  0.0000000000                  0.0000000000                  0.0101498754
      433                1558800.000000                  0.0000000000                  0.0000000000                  0.0000000000                  0.0101463075
      434                1562400.000000                  0.0000000000                  0.0000000000                  0.0000000000                  0.0101428245
      435                1566000.000000                  0.0000000000                  0.0000000000                  0.0000000000                  0.0101394244
      436                1569600.000000                  0.0000000000                  0.0000000000                  0.0000000000                  0.0101361053
      437                1573200.000000                  0.0000000000                  0.0000000000                  0.0000000000                  0.0101328652
      438                1576800.000000                  0.0000000000                  0.0000000000                  0.0000000000                  0.0101297022
      439                1580400.000000                  0.0000000000                  0.0000000000                  0.0000000000                  0.0101266145
      440                1584000.000000                  0.0000000000                  0.0000000000                  0.0000000000                  0.0101236004
      441                1587600.000000                  0.0000000000                  0.0000000000                  0.0000000000                  0.0101206579
      442                1591200.000000                  0.0000000000                  0.0000000000                  0.0000000000                  0.0101177856
      443                1594800.000000                  0.0000000000                  0.0000000000                  0.0000000000                  0.0101149816
      444                1598400.000000                  0.0000000000                  0.0000000000                  0.0000000000                  0.0101122443
      445                1602000.000000                  0.0000000000                  0.0000000000                  0.0000000000                  0.0101095723
      446                1605600.000000                  0.0000000000                  0.0000000000                  0.0000000000                  0.0101069638
      447                1609200.000000                  0.0000000000                  0.0000000000                  0.0000000000                  0.0101044174
      448                1612800.000000                  0.0000000000                  0.0000000000                  0.0000000000                  0.0101019317
      449                1616400.000000                  0.0000000000                  0.0000000000                  0.0000000000                  0.0100995051
      450                1620000.000000                  0.0000000000                  0.0000000000                  0.0000000000                  0.0100971363
      451                1623600.000000                  0.0000000000                  0.0000000000                  0.0000000000                  0.0100948239
      452                1627200.000000                  0.0000000000                  0.0000000000                  0.0000000000                  0.0100925665
      453                1630800.000000                  0.0000000000                  0.0000000000                  0.0000000000                  0.0100903629
      454                1634400.000000                  0.0000000000                  0.0000000000                  0.0000000000                  0.0100882117
      455                1638000.000000                  0.0000000000                  0.0000000000                  0.0000000000                  0.0100861117
      456                1641600.000000                  0.0000000000                  0.0000000000                  0.0000000000                  0.0100840618
      457                1645200.000000                  0.0000000000                  0.0000000000                  0.0000000000                  0.0100820606
      458                1648800.000000                  0.0000000000                  0.0000000000                  0.0000000000                  0.0100801071
      459                1652400.000000                  0.0000000000                  0.0000000000                  0.0000000000                  0.0100782001
      460                1656000.000000                  0.0000000000                  0.0000000000                  0.0000000000                  0.0100763384
      461                1659600.000000                  0.0000000000                  0.0000000000                  0.0000000000                  0.0100745211
      462                1663200.000000                  0.0000000000                  0.0000000000                  0.0000000000                  0.0100727471
      463                1666800.000000                  0.0000000000                  0.0000000000                  0.0000000000                  0.0100710153
      464                1670400.000000                  0.0000000000                  0.0000000000                  0.0000000000                  0.0100693247
      465                1674000.000000                  0.0000000000                  0.0000000000                  0.0000000000                  0.0100676744
      466                1677600.000000                  0.0000000000                  0.0000000000                  0.0000000000                  0.0100660633
      467                1681200.000000                  0.0000000000                  0.0000000000                  0.0000000000                  0.0100644906
      468                1684800.000000                  0.0000000000                  0.0000000000                  0.0000000000                  0.0100629554
      469                1688400.000000                  0.0000000000                  0.0000000000                  0.0000000000                  0.0100614567
      470                1692000.000000                  0.0000000000                  0.0000000000                  0.0000000000                  0.0100599936
      471                1695600.000000                  0.0000000000                  0.0000000000                  0.0000000000                  0.0100585654
      472                1699200.000000                  0.0000000000                  0.0000000000                  0.0000000000                  0.0100571712
      473                1702800.000000                  0.0000000000                  0.0000000000                  0.0000000000                  0.0100558102
      474                1706400.000000                  0.0000000000                  0.0000000000                  0.0000000000                  0.0100544816
      475                1710000.000000                  0.0000000000                  0.0000000000                  0.0000000000                  0.0100531846
      476                1713600.000000                  0.0000000000                  0.0000000000                  0.0000000000                  0.0100519185
      477                1717200.000000                  0.0000000000                  0.0000000000                  0.0000000000                  0.0100506825
      478                1720800.000000                  0.0000000000                  0.0000000000                  0.0000000000                  0.0100494760
      479                1724400.000000                  0.0000000000                  0.0000000000                  0.0000000000                  0.0100482982
      480                1728000.000000                  0.0000000000                  0.0000000000                  0.0000000000                  0.0100471484
      481                1731600.000000                  0.0000000000                  0.0000000000                  0.0000000000                  0.0100460260
      482                1735200.000000                  0.0000000000                  0.0000000000                  0.0000000000                  0.0100449303
      483                1738800.000000                  0.0000000000                  0.0000000000                  0.0000000000                  0.0100438607
      484                1742400.000000                  0.0000000000                  0.0000000000                  0.0000000000                  0.0100428165
      485                1746000.000000                  0.0000000000                  0.0000000000                  0.0000000000                  0.0100417973
      486                1749600.000000                  0.0000000000                  0.0000000000                  0.0000000000                  0.0100408022
      487                1753200.000000                  0.0000000000                  0.0000000000                  0.0000000000                  0.0100398309
      488                1756800.000000                  0.0000000000                  0.0000000000                  0.0000000000                  0.0100388827
      489                1760400.000000                  0.0000000000                  0.0000000000                  0.0000000000                  0.0100379571
      490                1764000.000000                  0.0000000000                  0.0000000000                  0.0000000000                  0.0100370534
      491                1767600.000000                  0.0000000000                  0.0000000000                  0.0000000000                  0.0100361714
      492                1771200.000000                  0.0000000000                  0.0000000000                  0.0000000000                  0.0100353103
      493                1774800.000000                  0.0000000000                  0.0000000000                  0.0000000000                  0.0100344697
      494                1778400.000000                  0.0000000000                  0.0000000000                  0.0000000000                  0.0100336491
      495                1782000.000000                  0.0000000000                  0.0000000000                  0.0000000000                  0.0100328480
      496                1785600.000000                  0.0000000000                  0.0000000000                  0.0000000000                  0.0100320661
      497                1789200.000000                  0.0000000000                  0.0000000000                  0.0000000000                  0.0100313027
      498                1792800.000000                  0.0000000000                  0.0000000000                  0.0000000000                  0.0100305575
      499                1796400.000000                  0.0000000000                  0.0000000000                  0.0000000000                  0.0100298301
      500                1800000.000000                  0.0000000000                  0.0000000000                  0.0000000000                  0.0100291199
      501                1803600.000000                  0.0000000000                  0.0000000000                  0.0000000000                  0.0100284267
      502                1807200.000000                  0.0000000000                  0.0000000000                  0.0000000000                  0.0100277500
      503                1810800.000000                  0.0000000000                  0.0000000000                  0.0000000000                  0.0100270894
      504                1814400.000000                  0.0000000000                  0.0000000000                  0.0000000000                  0.0100264445
      505                1818000.000000                  0.0000000000                  0.0000000000                  0.0000000000                  0.0100258150
      506                1821600.000000                  0.0000000000                  0.0000000000                  0.0000000000                  0.0100252004
      507                1825200.000000                  0.0000000000                  0.0000000000                  0.0000000000                  0.0100246005
      508                1828800.000000                  0.0000000000                  0.0000000000                  0.0000000000                  0.0100240148
      509                1832400.000000                  0.0000000000                  0.0000000000                  0.0000000000                  0.0100234432
      510                1836000.000000                  0.0000000000                  0.0000000000                  0.0000000000                  0.0100228851
      511                1839600.000000                  0.0000000000                  0.0000000000                  0.0000000000                  0.0100223403
      512                1843200.000000                  0.0000000000                  0.0000000000                  0.0000000000                  0.0100218084
      513                1846800.000000                  0.0000000000                  0.0000000000                  0.0000000000                  0.0100212893
      514                1850400.000000                  0.0000000000                  0.0000000000                  0.0000000000                  0.0100207825
      515                1854000.000000                  0.0000000000                  0.0000000000                  0.0000000000                  0.0100202877
      516                1857600.000000                  0.0000000000                  0.0000000000                  0.0000000000                  0.0100198047
      517                1861200.000000                  0.0000000000                  0.0000000000                  0.0000000000                  0.0100193333
      518                1864800.000000                  0.0000000000                  0.0000000000                  0.0000000000                  0.0100188730
      519                1868400.000000                  0.0000000000                  0.0000000000                  0.0000000000                  0.0100184237
      520                1872000.000000                  0.0000000000                  0.0000000000                  0.0000000000                  0.0100179851
      521                1875600.000000                  0.0000000000                  0.0000000000                  0.0000000000                  0.0100175570
      522                1879200.000000                  0.0000000000                  0.0000000000                  0.0000000000                  0.0100171390
      523                1882800.000000                  0.0000000000                  0.0000000000                  0.0000000000                  0.0100167310
      524                1886400.000000                  0.0000000000                  0.0000000000                  0.0000000000                  0.0100163327
      525                1890000.000000                  0.0000000000                  0.0000000000                  0.0000000000                  0.0100159439
      526                1893600.000000                  0.0000000000                  0.0000000000                  0.0000000000                  0.0100155644
      527                1897200.000000                  0.0000000000                  0.0000000000                  0.0000000000                  0.0100151938
      528                1900800.000000                  0.0000000000                  0.0000000000                  0.0000000000                  0.0100148321
      529                1904400.000000                  0.0000000000                  0.0000000000                  0.0000000000                  0.0100144790
      530                1908000.000000                  0.0000000000                  0.0000000000                  0.0000000000                  0.0100141343
      531                1911600.000000                  0.0000000000                  0.0000000000                  0.0000000000                  0.0100137979
      532                1915200.000000                  0.0000000000                  0.0000000000                  0.0000000000                  0.0100134694
      533                1918800.000000                  0.0000000000                  0.0000000000                  0.0000000000                  0.0100131487
      534                1922400.000000                  0.0000000000                  0.0000000000                  0.0000000000                  0.0100128357
      535                1926000.000000                  0.0000000000                  0.0000000000                  0.0000000000                  0.0100125302
      536                1929600.000000                  0.0000000000                  0.0000000000                  0.0000000000                  0.0100122319
      537                1933200.000000                  0.0000000000                  0.0000000000                  0.0000000000                  0.0100119407
      538                1936800.000000                  0.0000000000                  0.0000000000                  0.0000000000                  0.0100116564
      539                1940400.000000                  0.0000000000                  0.0000000000                  0.0000000000                  0.0100113789
      540                1944000.000000                  0.0000000000                  0.0000000000                  0.0000000000                  0.0100111080
      541                1947600.000000                  0.0000000000                  0.0000000000                  0.0000000000                  0.0100108436
      542                1951200.000000                  0.0000000000                  0.0000000000                  0.0000000000                  0.0100105855
      543                1954800.000000                  0.0000000000                  0.0000000000                  0.0000000000                  0.0100103335
      544                1958400.000000                  0.0000000000                  0.0000000000                  0.0000000000                  0.0100100875
      545                1962000.000000                  0.0000000000                  0.0000000000                  0.0000000000                  0.0100098473
      546                1965600.000000                  0.0000000000                  0.0000000000                  0.0000000000                  0.0100096129
      547                1969200.000000                  0.0000000000                  0.0000000000                  0.0000000000                  0.0100093841
      548                1972800.000000                  0.0000000000                  0.0000000000                  0.0000000000                  0.0100091607
      549                1976400.000000                  0.0000000000                  0.0000000000                  0.0000000000                  0.0100089426
      550                1980000.000000                  0.0000000000                  0.0000000000                  0.0000000000                  0.0100087297
      551                1983600.000000                  0.0000000000                  0.0000000000                  0.0000000000                  0.0100085219
      552                1987200.000000                  0.0000000000                  0.0000000000                  0.0000000000                  0.0100083190
      553                1990800.000000                  0.0000000000                  0.0000000000                  0.0000000000                  0.0100081210
      554                1994400.000000                  0.0000000000                  0.0000000000                  0.0000000000                  0.0100079276
      555                1998000.000000                  0.0000000000                  0.0000000000                  0.0000000000                  0.0100077389
      556                2001600.000000                  0.0000000000                  0.0000000000                  0.0000000000                  0.0100075547
      557                2005200.000000                  0.0000000000                  0.0000000000                  0.0000000000                  0.0100073748
      558                2008800.000000                  0.0000000000                  0.0000000000                  0.0000000000                  0.0100071993
      559                2012400.000000                  0.0000000000                  0.0000000000                  0.0000000000                  0.0100070279
      560                2016000.000000                  0.0000000000                  0.0000000000                  0.0000000000                  0.0100068606
      561                2019600.000000                  0.0000000000                  0.0000000000                  0.0000000000                  0.0100066973
      562                2023200.000000                  0.0000000000                  0.0000000000                  0.0000000000                  0.0100065378
      563                2026800.000000                  0.0000000000                  0.0000000000                  0.0000000000                  0.0100063822
      564                2030400.000000                  0.0000000000                  0.0000000000                  0.0000000000                  0.0100062303
      565                2034000.000000                  0.0000000000                  0.0000000000                  0.0000000000                  0.0100060819
      566                2037600.000000                  0.0000000000                  0.0000000000                  0.0000000000                  0.0100059372
      567                2041200.000000                  0.0000000000                  0.0000000000                  0.0000000000                  0.0100057958
      568                2044800.000000                  0.0000000000                  0.0000000000                  0.0000000000                  0.0100056578
      569                2048400.000000                  0.0000000000                  0.0000000000                  0.0000000000                  0.0100055231
      570                2052000.000000                  0.0000000000                  0.0000000000                  0.0000000000                  0.0100053917
      571                2055600.000000                  0.0000000000                  0.0000000000                  0.0000000000                  0.0100052633
      572                2059200.000000                  0.0000000000                  0.0000000000                  0.0000000000                  0.0100051380
      573                2062800.000000                  0.0000000000                  0.0000000000                  0.0000000000                  0.0100050157
      574                2066400.000000                  0.0000000000                  0.0000000000                  0.0000000000                  0.0100048963
      575                2070000.000000                  0.0000000000                  0.0000000000                  0.0000000000                  0.0100047797
      576                2073600.000000                  0.0000000000                  0.0000000000                  0.0000000000                  0.0100046659
      577                2077200.000000                  0.0000000000                  0.0000000000                  0.0000000000                  0.0100045549
      578                2080800.000000                  0.0000000000                  0.0000000000                  0.0000000000                  0.0100044464
      579                2084400.000000                  0.0000000000                  0.0000000000                  0.0000000000                  0.0100043406
      580                2088000.000000                  0.0000000000                  0.0000000000                  0.0000000000                  0.0100042373
      581                2091600.000000                  0.0000000000                  0.0000000000                  0.0000000000                  0.0100041364
      582                2095200.000000                  0.0000000000                  0.0000000000                  0.0000000000                  0.0100040379
      583                2098800.000000                  0.0000000000                  0.0000000000                  0.0000000000                  0.0100039418
      584                2102400.000000                  0.0000000000                  0.0000000000                  0.0000000000                  0.0100038479
      585                2106000.000000                  0.0000000000                  0.0000000000                  0.0000000000                  0.0100037563
      586                2109600.000000                  0.0000000000                  0.0000000000                  0.0000000000                  0.0100036669
      587                2113200.000000                  0.0000000000                  0.0000000000                  0.0000000000                  0.0100035796
      588                2116800.000000                  0.0000000000                  0.0000000000                  0.0000000000                  0.0100034944
      589                2120400.000000                  0.0000000000                  0.0000000000                  0.0000000000                  0.0100034112
      590                2124000.000000                  0.0000000000                  0.0000000000                  0.0000000000                  0.0100033300
      591                2127600.000000                  0.0000000000                  0.0000000000                  0.0000000000                  0.0100032507
      592                2131200.000000                  0.0000000000                  0.0000000000                  0.0000000000                  0.0100031734
      593                2134800.000000                  0.0000000000                  0.0000000000                  0.0000000000                  0.0100030978
      594                2138400.000000                  0.0000000000                  0.0000000000                  0.0000000000                  0.0100030241
      595                2142000.000000                  0.0000000000                  0.0000000000                  0.0000000000                  0.0100029521
      596                2145600.000000                  0.0000000000                  0.0000000000                  0.0000000000                  0.0100028818
      597                2149200.000000                  0.0000000000                  0.0000000000                  0.0000000000                  0.0100028132
      598                2152800.000000                  0.0000000000                  0.0000000000                  0.0000000000                  0.0100027462
      599                2156400.000000                  0.0000000000                  0.0000000000                  0.0000000000                  0.0100026808
      600                2160000.000000                  0.0000000000                  0.0000000000                  0.0000000000                  0.0100026170
