# Variacao DeslocAndPress no tempo no ponto       44
        0                      0.000000                  0.0000000000                  0.0000000000                  0.0000000000                  0.0100000000
        1                   3600.000000                  0.0000000000                  0.0000000000                  0.0000000000                  3.9123311721
        2                   7200.000000                  0.0000000000                  0.0000000000                  0.0000000000                  3.9110795330
        3                  10800.000000                  0.0000000000                  0.0000000000                  0.0000000000                  3.9072584439
        4                  14400.000000                  0.0000000000                  0.0000000000                  0.0000000000                  3.8989742873
        5                  18000.000000                  0.0000000000                  0.0000000000                  0.0000000000                  3.8845152828
        6                  21600.000000                  0.0000000000                  0.0000000000                  0.0000000000                  3.8627495819
        7                  25200.000000                  0.0000000000                  0.0000000000                  0.0000000000                  3.8332470708
        8                  28800.000000                  0.0000000000                  0.0000000000                  0.0000000000                  3.7961917639
        9                  32400.000000                  0.0000000000                  0.0000000000                  0.0000000000                  3.7522012839
       10                  36000.000000                  0.0000000000                  0.0000000000                  0.0000000000                  3.7021411558
       11                  39600.000000                  0.0000000000                  0.0000000000                  0.0000000000                  3.6469761046
       12                  43200.000000                  0.0000000000                  0.0000000000                  0.0000000000                  3.5876681952
       13                  46800.000000                  0.0000000000                  0.0000000000                  0.0000000000                  3.5251158599
       14                  50400.000000                  0.0000000000                  0.0000000000                  0.0000000000                  3.4601230600
       15                  54000.000000                  0.0000000000                  0.0000000000                  0.0000000000                  3.3933883482
       16                  57600.000000                  0.0000000000                  0.0000000000                  0.0000000000                  3.3255059077
       17                  61200.000000                  0.0000000000                  0.0000000000                  0.0000000000                  3.2569730789
       18                  64800.000000                  0.0000000000                  0.0000000000                  0.0000000000                  3.1882008535
       19                  68400.000000                  0.0000000000                  0.0000000000                  0.0000000000                  3.1195252216
       20                  72000.000000                  0.0000000000                  0.0000000000                  0.0000000000                  3.0512181884
       21                  75600.000000                  0.0000000000                  0.0000000000                  0.0000000000                  2.9834978658
       22                  79200.000000                  0.0000000000                  0.0000000000                  0.0000000000                  2.9165373925
       23                  82800.000000                  0.0000000000                  0.0000000000                  0.0000000000                  2.8504726400
       24                  86400.000000                  0.0000000000                  0.0000000000                  0.0000000000                  2.7854087647
       25                  90000.000000                  0.0000000000                  0.0000000000                  0.0000000000                  2.7214257185
       26                  93600.000000                  0.0000000000                  0.0000000000                  0.0000000000                  2.6585828461
       27                  97200.000000                  0.0000000000                  0.0000000000                  0.0000000000                  2.5969227002
       28                 100800.000000                  0.0000000000                  0.0000000000                  0.0000000000                  2.5364741922
       29                 104400.000000                  0.0000000000                  0.0000000000                  0.0000000000                  2.4772551883
       30                 108000.000000                  0.0000000000                  0.0000000000                  0.0000000000                  2.4192746406
       31                 111600.000000                  0.0000000000                  0.0000000000                  0.0000000000                  2.3625343356
       32                 115200.000000                  0.0000000000                  0.0000000000                  0.0000000000                  2.3070303253
       33                 118800.000000                  0.0000000000                  0.0000000000                  0.0000000000                  2.2527540972
       34                 122400.000000                  0.0000000000                  0.0000000000                  0.0000000000                  2.1996935297
       35                 126000.000000                  0.0000000000                  0.0000000000                  0.0000000000                  2.1478336715
       36                 129600.000000                  0.0000000000                  0.0000000000                  0.0000000000                  2.0971573767
       37                 133200.000000                  0.0000000000                  0.0000000000                  0.0000000000                  2.0476458215
       38                 136800.000000                  0.0000000000                  0.0000000000                  0.0000000000                  1.9992789240
       39                 140400.000000                  0.0000000000                  0.0000000000                  0.0000000000                  1.9520356853
       40                 144000.000000                  0.0000000000                  0.0000000000                  0.0000000000                  1.9058944659
       41                 147600.000000                  0.0000000000                  0.0000000000                  0.0000000000                  1.8608332081
       42                 151200.000000                  0.0000000000                  0.0000000000                  0.0000000000                  1.8168296169
       43                 154800.000000                  0.0000000000                  0.0000000000                  0.0000000000                  1.7738613042
       44                 158400.000000                  0.0000000000                  0.0000000000                  0.0000000000                  1.7319059051
       45                 162000.000000                  0.0000000000                  0.0000000000                  0.0000000000                  1.6909411699
       46                 165600.000000                  0.0000000000                  0.0000000000                  0.0000000000                  1.6509450381
       47                 169200.000000                  0.0000000000                  0.0000000000                  0.0000000000                  1.6118956952
       48                 172800.000000                  0.0000000000                  0.0000000000                  0.0000000000                  1.5737716186
       49                 176400.000000                  0.0000000000                  0.0000000000                  0.0000000000                  1.5365516114
       50                 180000.000000                  0.0000000000                  0.0000000000                  0.0000000000                  1.5002148293
       51                 183600.000000                  0.0000000000                  0.0000000000                  0.0000000000                  1.4647407996
       52                 187200.000000                  0.0000000000                  0.0000000000                  0.0000000000                  1.4301094352
       53                 190800.000000                  0.0000000000                  0.0000000000                  0.0000000000                  1.3963010439
       54                 194400.000000                  0.0000000000                  0.0000000000                  0.0000000000                  1.3632963345
       55                 198000.000000                  0.0000000000                  0.0000000000                  0.0000000000                  1.3310764193
       56                 201600.000000                  0.0000000000                  0.0000000000                  0.0000000000                  1.2996228149
       57                 205200.000000                  0.0000000000                  0.0000000000                  0.0000000000                  1.2689174407
       58                 208800.000000                  0.0000000000                  0.0000000000                  0.0000000000                  1.2389426162
       59                 212400.000000                  0.0000000000                  0.0000000000                  0.0000000000                  1.2096810571
       60                 216000.000000                  0.0000000000                  0.0000000000                  0.0000000000                  1.1811158703
       61                 219600.000000                  0.0000000000                  0.0000000000                  0.0000000000                  1.1532305483
       62                 223200.000000                  0.0000000000                  0.0000000000                  0.0000000000                  1.1260089629
       63                 226800.000000                  0.0000000000                  0.0000000000                  0.0000000000                  1.0994353592
       64                 230400.000000                  0.0000000000                  0.0000000000                  0.0000000000                  1.0734943480
       65                 234000.000000                  0.0000000000                  0.0000000000                  0.0000000000                  1.0481708992
       66                 237600.000000                  0.0000000000                  0.0000000000                  0.0000000000                  1.0234503348
       67                 241200.000000                  0.0000000000                  0.0000000000                  0.0000000000                  0.9993183208
       68                 244800.000000                  0.0000000000                  0.0000000000                  0.0000000000                  0.9757608610
       69                 248400.000000                  0.0000000000                  0.0000000000                  0.0000000000                  0.9527642888
       70                 252000.000000                  0.0000000000                  0.0000000000                  0.0000000000                  0.9303152605
       71                 255600.000000                  0.0000000000                  0.0000000000                  0.0000000000                  0.9084007478
       72                 259200.000000                  0.0000000000                  0.0000000000                  0.0000000000                  0.8870080310
       73                 262800.000000                  0.0000000000                  0.0000000000                  0.0000000000                  0.8661246914
       74                 266400.000000                  0.0000000000                  0.0000000000                  0.0000000000                  0.8457386053
       75                 270000.000000                  0.0000000000                  0.0000000000                  0.0000000000                  0.8258379364
       76                 273600.000000                  0.0000000000                  0.0000000000                  0.0000000000                  0.8064111294
       77                 277200.000000                  0.0000000000                  0.0000000000                  0.0000000000                  0.7874469038
       78                 280800.000000                  0.0000000000                  0.0000000000                  0.0000000000                  0.7689342468
       79                 284400.000000                  0.0000000000                  0.0000000000                  0.0000000000                  0.7508624076
       80                 288000.000000                  0.0000000000                  0.0000000000                  0.0000000000                  0.7332208910
       81                 291600.000000                  0.0000000000                  0.0000000000                  0.0000000000                  0.7159994514
       82                 295200.000000                  0.0000000000                  0.0000000000                  0.0000000000                  0.6991880869
       83                 298800.000000                  0.0000000000                  0.0000000000                  0.0000000000                  0.6827770337
       84                 302400.000000                  0.0000000000                  0.0000000000                  0.0000000000                  0.6667567602
       85                 306000.000000                  0.0000000000                  0.0000000000                  0.0000000000                  0.6511179617
       86                 309600.000000                  0.0000000000                  0.0000000000                  0.0000000000                  0.6358515549
       87                 313200.000000                  0.0000000000                  0.0000000000                  0.0000000000                  0.6209486727
       88                 316800.000000                  0.0000000000                  0.0000000000                  0.0000000000                  0.6064006592
       89                 320400.000000                  0.0000000000                  0.0000000000                  0.0000000000                  0.5921990644
       90                 324000.000000                  0.0000000000                  0.0000000000                  0.0000000000                  0.5783356396
       91                 327600.000000                  0.0000000000                  0.0000000000                  0.0000000000                  0.5648023324
       92                 331200.000000                  0.0000000000                  0.0000000000                  0.0000000000                  0.5515912820
       93                 334800.000000                  0.0000000000                  0.0000000000                  0.0000000000                  0.5386948151
       94                 338400.000000                  0.0000000000                  0.0000000000                  0.0000000000                  0.5261054407
       95                 342000.000000                  0.0000000000                  0.0000000000                  0.0000000000                  0.5138158464
       96                 345600.000000                  0.0000000000                  0.0000000000                  0.0000000000                  0.5018188939
       97                 349200.000000                  0.0000000000                  0.0000000000                  0.0000000000                  0.4901076147
       98                 352800.000000                  0.0000000000                  0.0000000000                  0.0000000000                  0.4786752064
       99                 356400.000000                  0.0000000000                  0.0000000000                  0.0000000000                  0.4675150285
      100                 360000.000000                  0.0000000000                  0.0000000000                  0.0000000000                  0.4566205987
      101                 363600.000000                  0.0000000000                  0.0000000000                  0.0000000000                  0.4459855889
      102                 367200.000000                  0.0000000000                  0.0000000000                  0.0000000000                  0.4356038218
      103                 370800.000000                  0.0000000000                  0.0000000000                  0.0000000000                  0.4254692671
      104                 374400.000000                  0.0000000000                  0.0000000000                  0.0000000000                  0.4155760382
      105                 378000.000000                  0.0000000000                  0.0000000000                  0.0000000000                  0.4059183886
      106                 381600.000000                  0.0000000000                  0.0000000000                  0.0000000000                  0.3964907086
      107                 385200.000000                  0.0000000000                  0.0000000000                  0.0000000000                  0.3872875223
      108                 388800.000000                  0.0000000000                  0.0000000000                  0.0000000000                  0.3783034838
      109                 392400.000000                  0.0000000000                  0.0000000000                  0.0000000000                  0.3695333749
      110                 396000.000000                  0.0000000000                  0.0000000000                  0.0000000000                  0.3609721014
      111                 399600.000000                  0.0000000000                  0.0000000000                  0.0000000000                  0.3526146904
      112                 403200.000000                  0.0000000000                  0.0000000000                  0.0000000000                  0.3444562877
      113                 406800.000000                  0.0000000000                  0.0000000000                  0.0000000000                  0.3364921542
      114                 410400.000000                  0.0000000000                  0.0000000000                  0.0000000000                  0.3287176642
      115                 414000.000000                  0.0000000000                  0.0000000000                  0.0000000000                  0.3211283017
      116                 417600.000000                  0.0000000000                  0.0000000000                  0.0000000000                  0.3137196584
      117                 421200.000000                  0.0000000000                  0.0000000000                  0.0000000000                  0.3064874311
      118                 424800.000000                  0.0000000000                  0.0000000000                  0.0000000000                  0.2994274189
      119                 428400.000000                  0.0000000000                  0.0000000000                  0.0000000000                  0.2925355210
      120                 432000.000000                  0.0000000000                  0.0000000000                  0.0000000000                  0.2858077342
      121                 435600.000000                  0.0000000000                  0.0000000000                  0.0000000000                  0.2792401507
      122                 439200.000000                  0.0000000000                  0.0000000000                  0.0000000000                  0.2728289556
      123                 442800.000000                  0.0000000000                  0.0000000000                  0.0000000000                  0.2665704251
      124                 446400.000000                  0.0000000000                  0.0000000000                  0.0000000000                  0.2604609239
      125                 450000.000000                  0.0000000000                  0.0000000000                  0.0000000000                  0.2544969032
      126                 453600.000000                  0.0000000000                  0.0000000000                  0.0000000000                  0.2486748988
      127                 457200.000000                  0.0000000000                  0.0000000000                  0.0000000000                  0.2429915290
      128                 460800.000000                  0.0000000000                  0.0000000000                  0.0000000000                  0.2374434927
      129                 464400.000000                  0.0000000000                  0.0000000000                  0.0000000000                  0.2320275672
      130                 468000.000000                  0.0000000000                  0.0000000000                  0.0000000000                  0.2267406067
      131                 471600.000000                  0.0000000000                  0.0000000000                  0.0000000000                  0.2215795403
      132                 475200.000000                  0.0000000000                  0.0000000000                  0.0000000000                  0.2165413701
      133                 478800.000000                  0.0000000000                  0.0000000000                  0.0000000000                  0.2116231697
      134                 482400.000000                  0.0000000000                  0.0000000000                  0.0000000000                  0.2068220824
      135                 486000.000000                  0.0000000000                  0.0000000000                  0.0000000000                  0.2021353195
      136                 489600.000000                  0.0000000000                  0.0000000000                  0.0000000000                  0.1975601586
      137                 493200.000000                  0.0000000000                  0.0000000000                  0.0000000000                  0.1930939422
      138                 496800.000000                  0.0000000000                  0.0000000000                  0.0000000000                  0.1887340762
      139                 500400.000000                  0.0000000000                  0.0000000000                  0.0000000000                  0.1844780282
      140                 504000.000000                  0.0000000000                  0.0000000000                  0.0000000000                  0.1803233259
      141                 507600.000000                  0.0000000000                  0.0000000000                  0.0000000000                  0.1762675561
      142                 511200.000000                  0.0000000000                  0.0000000000                  0.0000000000                  0.1723083631
      143                 514800.000000                  0.0000000000                  0.0000000000                  0.0000000000                  0.1684434470
      144                 518400.000000                  0.0000000000                  0.0000000000                  0.0000000000                  0.1646705631
      145                 522000.000000                  0.0000000000                  0.0000000000                  0.0000000000                  0.1609875197
      146                 525600.000000                  0.0000000000                  0.0000000000                  0.0000000000                  0.1573921776
      147                 529200.000000                  0.0000000000                  0.0000000000                  0.0000000000                  0.1538824485
      148                 532800.000000                  0.0000000000                  0.0000000000                  0.0000000000                  0.1504562937
      149                 536400.000000                  0.0000000000                  0.0000000000                  0.0000000000                  0.1471117231
      150                 540000.000000                  0.0000000000                  0.0000000000                  0.0000000000                  0.1438467940
      151                 543600.000000                  0.0000000000                  0.0000000000                  0.0000000000                  0.1406596100
      152                 547200.000000                  0.0000000000                  0.0000000000                  0.0000000000                  0.1375483198
      153                 550800.000000                  0.0000000000                  0.0000000000                  0.0000000000                  0.1345111162
      154                 554400.000000                  0.0000000000                  0.0000000000                  0.0000000000                  0.1315462350
      155                 558000.000000                  0.0000000000                  0.0000000000                  0.0000000000                  0.1286519541
      156                 561600.000000                  0.0000000000                  0.0000000000                  0.0000000000                  0.1258265924
      157                 565200.000000                  0.0000000000                  0.0000000000                  0.0000000000                  0.1230685086
      158                 568800.000000                  0.0000000000                  0.0000000000                  0.0000000000                  0.1203761009
      159                 572400.000000                  0.0000000000                  0.0000000000                  0.0000000000                  0.1177478053
      160                 576000.000000                  0.0000000000                  0.0000000000                  0.0000000000                  0.1151820951
      161                 579600.000000                  0.0000000000                  0.0000000000                  0.0000000000                  0.1126774801
      162                 583200.000000                  0.0000000000                  0.0000000000                  0.0000000000                  0.1102325054
      163                 586800.000000                  0.0000000000                  0.0000000000                  0.0000000000                  0.1078457509
      164                 590400.000000                  0.0000000000                  0.0000000000                  0.0000000000                  0.1055158302
      165                 594000.000000                  0.0000000000                  0.0000000000                  0.0000000000                  0.1032413900
      166                 597600.000000                  0.0000000000                  0.0000000000                  0.0000000000                  0.1010211092
      167                 601200.000000                  0.0000000000                  0.0000000000                  0.0000000000                  0.0988536981
      168                 604800.000000                  0.0000000000                  0.0000000000                  0.0000000000                  0.0967378978
      169                 608400.000000                  0.0000000000                  0.0000000000                  0.0000000000                  0.0946724794
      170                 612000.000000                  0.0000000000                  0.0000000000                  0.0000000000                  0.0926562430
      171                 615600.000000                  0.0000000000                  0.0000000000                  0.0000000000                  0.0906880176
      172                 619200.000000                  0.0000000000                  0.0000000000                  0.0000000000                  0.0887666600
      173                 622800.000000                  0.0000000000                  0.0000000000                  0.0000000000                  0.0868910541
      174                 626400.000000                  0.0000000000                  0.0000000000                  0.0000000000                  0.0850601104
      175                 630000.000000                  0.0000000000                  0.0000000000                  0.0000000000                  0.0832727655
      176                 633600.000000                  0.0000000000                  0.0000000000                  0.0000000000                  0.0815279812
      177                 637200.000000                  0.0000000000                  0.0000000000                  0.0000000000                  0.0798247440
      178                 640800.000000                  0.0000000000                  0.0000000000                  0.0000000000                  0.0781620646
      179                 644400.000000                  0.0000000000                  0.0000000000                  0.0000000000                  0.0765389772
      180                 648000.000000                  0.0000000000                  0.0000000000                  0.0000000000                  0.0749545391
      181                 651600.000000                  0.0000000000                  0.0000000000                  0.0000000000                  0.0734078299
      182                 655200.000000                  0.0000000000                  0.0000000000                  0.0000000000                  0.0718979512
      183                 658800.000000                  0.0000000000                  0.0000000000                  0.0000000000                  0.0704240260
      184                 662400.000000                  0.0000000000                  0.0000000000                  0.0000000000                  0.0689851982
      185                 666000.000000                  0.0000000000                  0.0000000000                  0.0000000000                  0.0675806320
      186                 669600.000000                  0.0000000000                  0.0000000000                  0.0000000000                  0.0662095116
      187                 673200.000000                  0.0000000000                  0.0000000000                  0.0000000000                  0.0648710406
      188                 676800.000000                  0.0000000000                  0.0000000000                  0.0000000000                  0.0635644415
      189                 680400.000000                  0.0000000000                  0.0000000000                  0.0000000000                  0.0622889553
      190                 684000.000000                  0.0000000000                  0.0000000000                  0.0000000000                  0.0610438413
      191                 687600.000000                  0.0000000000                  0.0000000000                  0.0000000000                  0.0598283761
      192                 691200.000000                  0.0000000000                  0.0000000000                  0.0000000000                  0.0586418538
      193                 694800.000000                  0.0000000000                  0.0000000000                  0.0000000000                  0.0574835852
      194                 698400.000000                  0.0000000000                  0.0000000000                  0.0000000000                  0.0563528975
      195                 702000.000000                  0.0000000000                  0.0000000000                  0.0000000000                  0.0552491340
      196                 705600.000000                  0.0000000000                  0.0000000000                  0.0000000000                  0.0541716534
      197                 709200.000000                  0.0000000000                  0.0000000000                  0.0000000000                  0.0531198301
      198                 712800.000000                  0.0000000000                  0.0000000000                  0.0000000000                  0.0520930529
      199                 716400.000000                  0.0000000000                  0.0000000000                  0.0000000000                  0.0510907255
      200                 720000.000000                  0.0000000000                  0.0000000000                  0.0000000000                  0.0501122657
      201                 723600.000000                  0.0000000000                  0.0000000000                  0.0000000000                  0.0491571052
      202                 727200.000000                  0.0000000000                  0.0000000000                  0.0000000000                  0.0482246892
      203                 730800.000000                  0.0000000000                  0.0000000000                  0.0000000000                  0.0473144760
      204                 734400.000000                  0.0000000000                  0.0000000000                  0.0000000000                  0.0464259369
      205                 738000.000000                  0.0000000000                  0.0000000000                  0.0000000000                  0.0455585560
      206                 741600.000000                  0.0000000000                  0.0000000000                  0.0000000000                  0.0447118292
      207                 745200.000000                  0.0000000000                  0.0000000000                  0.0000000000                  0.0438852649
      208                 748800.000000                  0.0000000000                  0.0000000000                  0.0000000000                  0.0430783828
      209                 752400.000000                  0.0000000000                  0.0000000000                  0.0000000000                  0.0422907144
      210                 756000.000000                  0.0000000000                  0.0000000000                  0.0000000000                  0.0415218021
      211                 759600.000000                  0.0000000000                  0.0000000000                  0.0000000000                  0.0407711992
      212                 763200.000000                  0.0000000000                  0.0000000000                  0.0000000000                  0.0400384699
      213                 766800.000000                  0.0000000000                  0.0000000000                  0.0000000000                  0.0393231884
      214                 770400.000000                  0.0000000000                  0.0000000000                  0.0000000000                  0.0386249394
      215                 774000.000000                  0.0000000000                  0.0000000000                  0.0000000000                  0.0379433172
      216                 777600.000000                  0.0000000000                  0.0000000000                  0.0000000000                  0.0372779258
      217                 781200.000000                  0.0000000000                  0.0000000000                  0.0000000000                  0.0366283790
      218                 784800.000000                  0.0000000000                  0.0000000000                  0.0000000000                  0.0359942992
      219                 788400.000000                  0.0000000000                  0.0000000000                  0.0000000000                  0.0353753182
      220                 792000.000000                  0.0000000000                  0.0000000000                  0.0000000000                  0.0347710766
      221                 795600.000000                  0.0000000000                  0.0000000000                  0.0000000000                  0.0341812232
      222                 799200.000000                  0.0000000000                  0.0000000000                  0.0000000000                  0.0336054156
      223                 802800.000000                  0.0000000000                  0.0000000000                  0.0000000000                  0.0330433192
      224                 806400.000000                  0.0000000000                  0.0000000000                  0.0000000000                  0.0324946075
      225                 810000.000000                  0.0000000000                  0.0000000000                  0.0000000000                  0.0319589618
      226                 813600.000000                  0.0000000000                  0.0000000000                  0.0000000000                  0.0314360711
      227                 817200.000000                  0.0000000000                  0.0000000000                  0.0000000000                  0.0309256315
      228                 820800.000000                  0.0000000000                  0.0000000000                  0.0000000000                  0.0304273466
      229                 824400.000000                  0.0000000000                  0.0000000000                  0.0000000000                  0.0299409269
      230                 828000.000000                  0.0000000000                  0.0000000000                  0.0000000000                  0.0294660900
      231                 831600.000000                  0.0000000000                  0.0000000000                  0.0000000000                  0.0290025599
      232                 835200.000000                  0.0000000000                  0.0000000000                  0.0000000000                  0.0285500675
      233                 838800.000000                  0.0000000000                  0.0000000000                  0.0000000000                  0.0281083500
      234                 842400.000000                  0.0000000000                  0.0000000000                  0.0000000000                  0.0276771507
      235                 846000.000000                  0.0000000000                  0.0000000000                  0.0000000000                  0.0272562192
      236                 849600.000000                  0.0000000000                  0.0000000000                  0.0000000000                  0.0268453110
      237                 853200.000000                  0.0000000000                  0.0000000000                  0.0000000000                  0.0264441874
      238                 856800.000000                  0.0000000000                  0.0000000000                  0.0000000000                  0.0260526154
      239                 860400.000000                  0.0000000000                  0.0000000000                  0.0000000000                  0.0256703677
      240                 864000.000000                  0.0000000000                  0.0000000000                  0.0000000000                  0.0252972220
      241                 867600.000000                  0.0000000000                  0.0000000000                  0.0000000000                  0.0249329618
      242                 871200.000000                  0.0000000000                  0.0000000000                  0.0000000000                  0.0245773754
      243                 874800.000000                  0.0000000000                  0.0000000000                  0.0000000000                  0.0242302563
      244                 878400.000000                  0.0000000000                  0.0000000000                  0.0000000000                  0.0238914029
      245                 882000.000000                  0.0000000000                  0.0000000000                  0.0000000000                  0.0235606183
      246                 885600.000000                  0.0000000000                  0.0000000000                  0.0000000000                  0.0232377104
      247                 889200.000000                  0.0000000000                  0.0000000000                  0.0000000000                  0.0229224917
      248                 892800.000000                  0.0000000000                  0.0000000000                  0.0000000000                  0.0226147790
      249                 896400.000000                  0.0000000000                  0.0000000000                  0.0000000000                  0.0223143936
      250                 900000.000000                  0.0000000000                  0.0000000000                  0.0000000000                  0.0220211610
      251                 903600.000000                  0.0000000000                  0.0000000000                  0.0000000000                  0.0217349110
      252                 907200.000000                  0.0000000000                  0.0000000000                  0.0000000000                  0.0214554771
      253                 910800.000000                  0.0000000000                  0.0000000000                  0.0000000000                  0.0211826973
      254                 914400.000000                  0.0000000000                  0.0000000000                  0.0000000000                  0.0209164129
      255                 918000.000000                  0.0000000000                  0.0000000000                  0.0000000000                  0.0206564693
      256                 921600.000000                  0.0000000000                  0.0000000000                  0.0000000000                  0.0204027155
      257                 925200.000000                  0.0000000000                  0.0000000000                  0.0000000000                  0.0201550042
      258                 928800.000000                  0.0000000000                  0.0000000000                  0.0000000000                  0.0199131914
      259                 932400.000000                  0.0000000000                  0.0000000000                  0.0000000000                  0.0196771367
      260                 936000.000000                  0.0000000000                  0.0000000000                  0.0000000000                  0.0194467029
      261                 939600.000000                  0.0000000000                  0.0000000000                  0.0000000000                  0.0192217563
      262                 943200.000000                  0.0000000000                  0.0000000000                  0.0000000000                  0.0190021662
      263                 946800.000000                  0.0000000000                  0.0000000000                  0.0000000000                  0.0187878050
      264                 950400.000000                  0.0000000000                  0.0000000000                  0.0000000000                  0.0185785482
      265                 954000.000000                  0.0000000000                  0.0000000000                  0.0000000000                  0.0183742743
      266                 957600.000000                  0.0000000000                  0.0000000000                  0.0000000000                  0.0181748645
      267                 961200.000000                  0.0000000000                  0.0000000000                  0.0000000000                  0.0179802032
      268                 964800.000000                  0.0000000000                  0.0000000000                  0.0000000000                  0.0177901772
      269                 968400.000000                  0.0000000000                  0.0000000000                  0.0000000000                  0.0176046760
      270                 972000.000000                  0.0000000000                  0.0000000000                  0.0000000000                  0.0174235921
      271                 975600.000000                  0.0000000000                  0.0000000000                  0.0000000000                  0.0172468202
      272                 979200.000000                  0.0000000000                  0.0000000000                  0.0000000000                  0.0170742576
      273                 982800.000000                  0.0000000000                  0.0000000000                  0.0000000000                  0.0169058041
      274                 986400.000000                  0.0000000000                  0.0000000000                  0.0000000000                  0.0167413619
      275                 990000.000000                  0.0000000000                  0.0000000000                  0.0000000000                  0.0165808353
      276                 993600.000000                  0.0000000000                  0.0000000000                  0.0000000000                  0.0164241313
      277                 997200.000000                  0.0000000000                  0.0000000000                  0.0000000000                  0.0162711587
      278                1000800.000000                  0.0000000000                  0.0000000000                  0.0000000000                  0.0161218288
      279                1004400.000000                  0.0000000000                  0.0000000000                  0.0000000000                  0.0159760547
      280                1008000.000000                  0.0000000000                  0.0000000000                  0.0000000000                  0.0158337518
      281                1011600.000000                  0.0000000000                  0.0000000000                  0.0000000000                  0.0156948374
      282                1015200.000000                  0.0000000000                  0.0000000000                  0.0000000000                  0.0155592309
      283                1018800.000000                  0.0000000000                  0.0000000000                  0.0000000000                  0.0154268535
      284                1022400.000000                  0.0000000000                  0.0000000000                  0.0000000000                  0.0152976283
      285                1026000.000000                  0.0000000000                  0.0000000000                  0.0000000000                  0.0151714802
      286                1029600.000000                  0.0000000000                  0.0000000000                  0.0000000000                  0.0150483360
      287                1033200.000000                  0.0000000000                  0.0000000000                  0.0000000000                  0.0149281241
      288                1036800.000000                  0.0000000000                  0.0000000000                  0.0000000000                  0.0148107747
      289                1040400.000000                  0.0000000000                  0.0000000000                  0.0000000000                  0.0146962197
      290                1044000.000000                  0.0000000000                  0.0000000000                  0.0000000000                  0.0145843925
      291                1047600.000000                  0.0000000000                  0.0000000000                  0.0000000000                  0.0144752281
      292                1051200.000000                  0.0000000000                  0.0000000000                  0.0000000000                  0.0143686632
      293                1054800.000000                  0.0000000000                  0.0000000000                  0.0000000000                  0.0142646358
      294                1058400.000000                  0.0000000000                  0.0000000000                  0.0000000000                  0.0141630855
      295                1062000.000000                  0.0000000000                  0.0000000000                  0.0000000000                  0.0140639533
      296                1065600.000000                  0.0000000000                  0.0000000000                  0.0000000000                  0.0139671818
      297                1069200.000000                  0.0000000000                  0.0000000000                  0.0000000000                  0.0138727145
      298                1072800.000000                  0.0000000000                  0.0000000000                  0.0000000000                  0.0137804967
      299                1076400.000000                  0.0000000000                  0.0000000000                  0.0000000000                  0.0136904749
      300                1080000.000000                  0.0000000000                  0.0000000000                  0.0000000000                  0.0136025966
      301                1083600.000000                  0.0000000000                  0.0000000000                  0.0000000000                  0.0135168109
      302                1087200.000000                  0.0000000000                  0.0000000000                  0.0000000000                  0.0134330680
      303                1090800.000000                  0.0000000000                  0.0000000000                  0.0000000000                  0.0133513192
      304                1094400.000000                  0.0000000000                  0.0000000000                  0.0000000000                  0.0132715169
      305                1098000.000000                  0.0000000000                  0.0000000000                  0.0000000000                  0.0131936150
      306                1101600.000000                  0.0000000000                  0.0000000000                  0.0000000000                  0.0131175680
      307                1105200.000000                  0.0000000000                  0.0000000000                  0.0000000000                  0.0130433320
      308                1108800.000000                  0.0000000000                  0.0000000000                  0.0000000000                  0.0129708636
      309                1112400.000000                  0.0000000000                  0.0000000000                  0.0000000000                  0.0129001208
      310                1116000.000000                  0.0000000000                  0.0000000000                  0.0000000000                  0.0128310626
      311                1119600.000000                  0.0000000000                  0.0000000000                  0.0000000000                  0.0127636489
      312                1123200.000000                  0.0000000000                  0.0000000000                  0.0000000000                  0.0126978404
      313                1126800.000000                  0.0000000000                  0.0000000000                  0.0000000000                  0.0126335989
      314                1130400.000000                  0.0000000000                  0.0000000000                  0.0000000000                  0.0125708872
      315                1134000.000000                  0.0000000000                  0.0000000000                  0.0000000000                  0.0125096687
      316                1137600.000000                  0.0000000000                  0.0000000000                  0.0000000000                  0.0124499081
      317                1141200.000000                  0.0000000000                  0.0000000000                  0.0000000000                  0.0123915704
      318                1144800.000000                  0.0000000000                  0.0000000000                  0.0000000000                  0.0123346219
      319                1148400.000000                  0.0000000000                  0.0000000000                  0.0000000000                  0.0122790295
      320                1152000.000000                  0.0000000000                  0.0000000000                  0.0000000000                  0.0122247608
      321                1155600.000000                  0.0000000000                  0.0000000000                  0.0000000000                  0.0121717844
      322                1159200.000000                  0.0000000000                  0.0000000000                  0.0000000000                  0.0121200695
      323                1162800.000000                  0.0000000000                  0.0000000000                  0.0000000000                  0.0120695860
      324                1166400.000000                  0.0000000000                  0.0000000000                  0.0000000000                  0.0120203046
      325                1170000.000000                  0.0000000000                  0.0000000000                  0.0000000000                  0.0119721968
      326                1173600.000000                  0.0000000000                  0.0000000000                  0.0000000000                  0.0119252345
      327                1177200.000000                  0.0000000000                  0.0000000000                  0.0000000000                  0.0118793904
      328                1180800.000000                  0.0000000000                  0.0000000000                  0.0000000000                  0.0118346381
      329                1184400.000000                  0.0000000000                  0.0000000000                  0.0000000000                  0.0117909513
      330                1188000.000000                  0.0000000000                  0.0000000000                  0.0000000000                  0.0117483049
      331                1191600.000000                  0.0000000000                  0.0000000000                  0.0000000000                  0.0117066739
      332                1195200.000000                  0.0000000000                  0.0000000000                  0.0000000000                  0.0116660343
      333                1198800.000000                  0.0000000000                  0.0000000000                  0.0000000000                  0.0116263624
      334                1202400.000000                  0.0000000000                  0.0000000000                  0.0000000000                  0.0115876351
      335                1206000.000000                  0.0000000000                  0.0000000000                  0.0000000000                  0.0115498301
      336                1209600.000000                  0.0000000000                  0.0000000000                  0.0000000000                  0.0115129253
      337                1213200.000000                  0.0000000000                  0.0000000000                  0.0000000000                  0.0114768992
      338                1216800.000000                  0.0000000000                  0.0000000000                  0.0000000000                  0.0114417310
      339                1220400.000000                  0.0000000000                  0.0000000000                  0.0000000000                  0.0114074003
      340                1224000.000000                  0.0000000000                  0.0000000000                  0.0000000000                  0.0113738870
      341                1227600.000000                  0.0000000000                  0.0000000000                  0.0000000000                  0.0113411717
      342                1231200.000000                  0.0000000000                  0.0000000000                  0.0000000000                  0.0113092355
      343                1234800.000000                  0.0000000000                  0.0000000000                  0.0000000000                  0.0112780598
      344                1238400.000000                  0.0000000000                  0.0000000000                  0.0000000000                  0.0112476264
      345                1242000.000000                  0.0000000000                  0.0000000000                  0.0000000000                  0.0112179177
      346                1245600.000000                  0.0000000000                  0.0000000000                  0.0000000000                  0.0111889164
      347                1249200.000000                  0.0000000000                  0.0000000000                  0.0000000000                  0.0111606057
      348                1252800.000000                  0.0000000000                  0.0000000000                  0.0000000000                  0.0111329692
      349                1256400.000000                  0.0000000000                  0.0000000000                  0.0000000000                  0.0111059907
      350                1260000.000000                  0.0000000000                  0.0000000000                  0.0000000000                  0.0110796546
      351                1263600.000000                  0.0000000000                  0.0000000000                  0.0000000000                  0.0110539457
      352                1267200.000000                  0.0000000000                  0.0000000000                  0.0000000000                  0.0110288490
      353                1270800.000000                  0.0000000000                  0.0000000000                  0.0000000000                  0.0110043498
      354                1274400.000000                  0.0000000000                  0.0000000000                  0.0000000000                  0.0109804341
      355                1278000.000000                  0.0000000000                  0.0000000000                  0.0000000000                  0.0109570878
      356                1281600.000000                  0.0000000000                  0.0000000000                  0.0000000000                  0.0109342974
      357                1285200.000000                  0.0000000000                  0.0000000000                  0.0000000000                  0.0109120498
      358                1288800.000000                  0.0000000000                  0.0000000000                  0.0000000000                  0.0108903319
      359                1292400.000000                  0.0000000000                  0.0000000000                  0.0000000000                  0.0108691312
      360                1296000.000000                  0.0000000000                  0.0000000000                  0.0000000000                  0.0108484352
      361                1299600.000000                  0.0000000000                  0.0000000000                  0.0000000000                  0.0108282321
      362                1303200.000000                  0.0000000000                  0.0000000000                  0.0000000000                  0.0108085101
      363                1306800.000000                  0.0000000000                  0.0000000000                  0.0000000000                  0.0107892577
      364                1310400.000000                  0.0000000000                  0.0000000000                  0.0000000000                  0.0107704638
      365                1314000.000000                  0.0000000000                  0.0000000000                  0.0000000000                  0.0107521174
      366                1317600.000000                  0.0000000000                  0.0000000000                  0.0000000000                  0.0107342078
      367                1321200.000000                  0.0000000000                  0.0000000000                  0.0000000000                  0.0107167247
      368                1324800.000000                  0.0000000000                  0.0000000000                  0.0000000000                  0.0106996580
      369                1328400.000000                  0.0000000000                  0.0000000000                  0.0000000000                  0.0106829976
      370                1332000.000000                  0.0000000000                  0.0000000000                  0.0000000000                  0.0106667339
      371                1335600.000000                  0.0000000000                  0.0000000000                  0.0000000000                  0.0106508575
      372                1339200.000000                  0.0000000000                  0.0000000000                  0.0000000000                  0.0106353592
      373                1342800.000000                  0.0000000000                  0.0000000000                  0.0000000000                  0.0106202299
      374                1346400.000000                  0.0000000000                  0.0000000000                  0.0000000000                  0.0106054609
      375                1350000.000000                  0.0000000000                  0.0000000000                  0.0000000000                  0.0105910435
      376                1353600.000000                  0.0000000000                  0.0000000000                  0.0000000000                  0.0105769695
      377                1357200.000000                  0.0000000000                  0.0000000000                  0.0000000000                  0.0105632306
      378                1360800.000000                  0.0000000000                  0.0000000000                  0.0000000000                  0.0105498188
      379                1364400.000000                  0.0000000000                  0.0000000000                  0.0000000000                  0.0105367265
      380                1368000.000000                  0.0000000000                  0.0000000000                  0.0000000000                  0.0105239458
      381                1371600.000000                  0.0000000000                  0.0000000000                  0.0000000000                  0.0105114695
      382                1375200.000000                  0.0000000000                  0.0000000000                  0.0000000000                  0.0104992903
      383                1378800.000000                  0.0000000000                  0.0000000000                  0.0000000000                  0.0104874011
      384                1382400.000000                  0.0000000000                  0.0000000000                  0.0000000000                  0.0104757951
      385                1386000.000000                  0.0000000000                  0.0000000000                  0.0000000000                  0.0104644653
      386                1389600.000000                  0.0000000000                  0.0000000000                  0.0000000000                  0.0104534054
      387                1393200.000000                  0.0000000000                  0.0000000000                  0.0000000000                  0.0104426088
      388                1396800.000000                  0.0000000000                  0.0000000000                  0.0000000000                  0.0104320694
      389                1400400.000000                  0.0000000000                  0.0000000000                  0.0000000000                  0.0104217808
      390                1404000.000000                  0.0000000000                  0.0000000000                  0.0000000000                  0.0104117373
      391                1407600.000000                  0.0000000000                  0.0000000000                  0.0000000000                  0.0104019330
      392                1411200.000000                  0.0000000000                  0.0000000000                  0.0000000000                  0.0103923621
      393                1414800.000000                  0.0000000000                  0.0000000000                  0.0000000000                  0.0103830191
      394                1418400.000000                  0.0000000000                  0.0000000000                  0.0000000000                  0.0103738985
      395                1422000.000000                  0.0000000000                  0.0000000000                  0.0000000000                  0.0103649952
      396                1425600.000000                  0.0000000000                  0.0000000000                  0.0000000000                  0.0103563039
      397                1429200.000000                  0.0000000000                  0.0000000000                  0.0000000000                  0.0103478195
      398                1432800.000000                  0.0000000000                  0.0000000000                  0.0000000000                  0.0103395372
      399                1436400.000000                  0.0000000000                  0.0000000000                  0.0000000000                  0.0103314520
      400                1440000.000000                  0.0000000000                  0.0000000000                  0.0000000000                  0.0103235594
      401                1443600.000000                  0.0000000000                  0.0000000000                  0.0000000000                  0.0103158548
      402                1447200.000000                  0.0000000000                  0.0000000000                  0.0000000000                  0.0103083336
      403                1450800.000000                  0.0000000000                  0.0000000000                  0.0000000000                  0.0103009915
      404                1454400.000000                  0.0000000000                  0.0000000000                  0.0000000000                  0.0102938242
      405                1458000.000000                  0.0000000000                  0.0000000000                  0.0000000000                  0.0102868276
      406                1461600.000000                  0.0000000000                  0.0000000000                  0.0000000000                  0.0102799976
      407                1465200.000000                  0.0000000000                  0.0000000000                  0.0000000000                  0.0102733303
      408                1468800.000000                  0.0000000000                  0.0000000000                  0.0000000000                  0.0102668217
      409                1472400.000000                  0.0000000000                  0.0000000000                  0.0000000000                  0.0102604681
      410                1476000.000000                  0.0000000000                  0.0000000000                  0.0000000000                  0.0102542658
      411                1479600.000000                  0.0000000000                  0.0000000000                  0.0000000000                  0.0102482112
      412                1483200.000000                  0.0000000000                  0.0000000000                  0.0000000000                  0.0102423007
      413                1486800.000000                  0.0000000000                  0.0000000000                  0.0000000000                  0.0102365310
      414                1490400.000000                  0.0000000000                  0.0000000000                  0.0000000000                  0.0102308987
      415                1494000.000000                  0.0000000000                  0.0000000000                  0.0000000000                  0.0102254005
      416                1497600.000000                  0.0000000000                  0.0000000000                  0.0000000000                  0.0102200332
      417                1501200.000000                  0.0000000000                  0.0000000000                  0.0000000000                  0.0102147937
      418                1504800.000000                  0.0000000000                  0.0000000000                  0.0000000000                  0.0102096790
      419                1508400.000000                  0.0000000000                  0.0000000000                  0.0000000000                  0.0102046861
      420                1512000.000000                  0.0000000000                  0.0000000000                  0.0000000000                  0.0101998121
      421                1515600.000000                  0.0000000000                  0.0000000000                  0.0000000000                  0.0101950541
      422                1519200.000000                  0.0000000000                  0.0000000000                  0.0000000000                  0.0101904095
      423                1522800.000000                  0.0000000000                  0.0000000000                  0.0000000000                  0.0101858754
      424                1526400.000000                  0.0000000000                  0.0000000000                  0.0000000000                  0.0101814493
      425                1530000.000000                  0.0000000000                  0.0000000000                  0.0000000000                  0.0101771286
      426                1533600.000000                  0.0000000000                  0.0000000000                  0.0000000000                  0.0101729108
      427                1537200.000000                  0.0000000000                  0.0000000000                  0.0000000000                  0.0101687934
      428                1540800.000000                  0.0000000000                  0.0000000000                  0.0000000000                  0.0101647741
      429                1544400.000000                  0.0000000000                  0.0000000000                  0.0000000000                  0.0101608504
      430                1548000.000000                  0.0000000000                  0.0000000000                  0.0000000000                  0.0101570202
      431                1551600.000000                  0.0000000000                  0.0000000000                  0.0000000000                  0.0101532812
      432                1555200.000000                  0.0000000000                  0.0000000000                  0.0000000000                  0.0101496313
      433                1558800.000000                  0.0000000000                  0.0000000000                  0.0000000000                  0.0101460682
      434                1562400.000000                  0.0000000000                  0.0000000000                  0.0000000000                  0.0101425900
      435                1566000.000000                  0.0000000000                  0.0000000000                  0.0000000000                  0.0101391946
      436                1569600.000000                  0.0000000000                  0.0000000000                  0.0000000000                  0.0101358801
      437                1573200.000000                  0.0000000000                  0.0000000000                  0.0000000000                  0.0101326445
      438                1576800.000000                  0.0000000000                  0.0000000000                  0.0000000000                  0.0101294860
      439                1580400.000000                  0.0000000000                  0.0000000000                  0.0000000000                  0.0101264026
      440                1584000.000000                  0.0000000000                  0.0000000000                  0.0000000000                  0.0101233927
      441                1587600.000000                  0.0000000000                  0.0000000000                  0.0000000000                  0.0101204544
      442                1591200.000000                  0.0000000000                  0.0000000000                  0.0000000000                  0.0101175862
      443                1594800.000000                  0.0000000000                  0.0000000000                  0.0000000000                  0.0101147862
      444                1598400.000000                  0.0000000000                  0.0000000000                  0.0000000000                  0.0101120529
      445                1602000.000000                  0.0000000000                  0.0000000000                  0.0000000000                  0.0101093846
      446                1605600.000000                  0.0000000000                  0.0000000000                  0.0000000000                  0.0101067800
      447                1609200.000000                  0.0000000000                  0.0000000000                  0.0000000000                  0.0101042373
      448                1612800.000000                  0.0000000000                  0.0000000000                  0.0000000000                  0.0101017552
      449                1616400.000000                  0.0000000000                  0.0000000000                  0.0000000000                  0.0100993322
      450                1620000.000000                  0.0000000000                  0.0000000000                  0.0000000000                  0.0100969669
      451                1623600.000000                  0.0000000000                  0.0000000000                  0.0000000000                  0.0100946579
      452                1627200.000000                  0.0000000000                  0.0000000000                  0.0000000000                  0.0100924038
      453                1630800.000000                  0.0000000000                  0.0000000000                  0.0000000000                  0.0100902035
      454                1634400.000000                  0.0000000000                  0.0000000000                  0.0000000000                  0.0100880556
      455                1638000.000000                  0.0000000000                  0.0000000000                  0.0000000000                  0.0100859588
      456                1641600.000000                  0.0000000000                  0.0000000000                  0.0000000000                  0.0100839119
      457                1645200.000000                  0.0000000000                  0.0000000000                  0.0000000000                  0.0100819138
      458                1648800.000000                  0.0000000000                  0.0000000000                  0.0000000000                  0.0100799632
      459                1652400.000000                  0.0000000000                  0.0000000000                  0.0000000000                  0.0100780591
      460                1656000.000000                  0.0000000000                  0.0000000000                  0.0000000000                  0.0100762004
      461                1659600.000000                  0.0000000000                  0.0000000000                  0.0000000000                  0.0100743859
      462                1663200.000000                  0.0000000000                  0.0000000000                  0.0000000000                  0.0100726146
      463                1666800.000000                  0.0000000000                  0.0000000000                  0.0000000000                  0.0100708855
      464                1670400.000000                  0.0000000000                  0.0000000000                  0.0000000000                  0.0100691975
      465                1674000.000000                  0.0000000000                  0.0000000000                  0.0000000000                  0.0100675498
      466                1677600.000000                  0.0000000000                  0.0000000000                  0.0000000000                  0.0100659413
      467                1681200.000000                  0.0000000000                  0.0000000000                  0.0000000000                  0.0100643711
      468                1684800.000000                  0.0000000000                  0.0000000000                  0.0000000000                  0.0100628383
      469                1688400.000000                  0.0000000000                  0.0000000000                  0.0000000000                  0.0100613420
      470                1692000.000000                  0.0000000000                  0.0000000000                  0.0000000000                  0.0100598813
      471                1695600.000000                  0.0000000000                  0.0000000000                  0.0000000000                  0.0100584554
      472                1699200.000000                  0.0000000000                  0.0000000000                  0.0000000000                  0.0100570634
      473                1702800.000000                  0.0000000000                  0.0000000000                  0.0000000000                  0.0100557046
      474                1706400.000000                  0.0000000000                  0.0000000000                  0.0000000000                  0.0100543782
      475                1710000.000000                  0.0000000000                  0.0000000000                  0.0000000000                  0.0100530833
      476                1713600.000000                  0.0000000000                  0.0000000000                  0.0000000000                  0.0100518193
      477                1717200.000000                  0.0000000000                  0.0000000000                  0.0000000000                  0.0100505853
      478                1720800.000000                  0.0000000000                  0.0000000000                  0.0000000000                  0.0100493808
      479                1724400.000000                  0.0000000000                  0.0000000000                  0.0000000000                  0.0100482049
      480                1728000.000000                  0.0000000000                  0.0000000000                  0.0000000000                  0.0100470571
      481                1731600.000000                  0.0000000000                  0.0000000000                  0.0000000000                  0.0100459365
      482                1735200.000000                  0.0000000000                  0.0000000000                  0.0000000000                  0.0100448427
      483                1738800.000000                  0.0000000000                  0.0000000000                  0.0000000000                  0.0100437749
      484                1742400.000000                  0.0000000000                  0.0000000000                  0.0000000000                  0.0100427325
      485                1746000.000000                  0.0000000000                  0.0000000000                  0.0000000000                  0.0100417150
      486                1749600.000000                  0.0000000000                  0.0000000000                  0.0000000000                  0.0100407216
      487                1753200.000000                  0.0000000000                  0.0000000000                  0.0000000000                  0.0100397520
      488                1756800.000000                  0.0000000000                  0.0000000000                  0.0000000000                  0.0100388054
      489                1760400.000000                  0.0000000000                  0.0000000000                  0.0000000000                  0.0100378813
      490                1764000.000000                  0.0000000000                  0.0000000000                  0.0000000000                  0.0100369793
      491                1767600.000000                  0.0000000000                  0.0000000000                  0.0000000000                  0.0100360987
      492                1771200.000000                  0.0000000000                  0.0000000000                  0.0000000000                  0.0100352392
      493                1774800.000000                  0.0000000000                  0.0000000000                  0.0000000000                  0.0100344000
      494                1778400.000000                  0.0000000000                  0.0000000000                  0.0000000000                  0.0100335809
      495                1782000.000000                  0.0000000000                  0.0000000000                  0.0000000000                  0.0100327813
      496                1785600.000000                  0.0000000000                  0.0000000000                  0.0000000000                  0.0100320007
      497                1789200.000000                  0.0000000000                  0.0000000000                  0.0000000000                  0.0100312387
      498                1792800.000000                  0.0000000000                  0.0000000000                  0.0000000000                  0.0100304948
      499                1796400.000000                  0.0000000000                  0.0000000000                  0.0000000000                  0.0100297686
      500                1800000.000000                  0.0000000000                  0.0000000000                  0.0000000000                  0.0100290598
      501                1803600.000000                  0.0000000000                  0.0000000000                  0.0000000000                  0.0100283678
      502                1807200.000000                  0.0000000000                  0.0000000000                  0.0000000000                  0.0100276923
      503                1810800.000000                  0.0000000000                  0.0000000000                  0.0000000000                  0.0100270329
      504                1814400.000000                  0.0000000000                  0.0000000000                  0.0000000000                  0.0100263892
      505                1818000.000000                  0.0000000000                  0.0000000000                  0.0000000000                  0.0100257608
      506                1821600.000000                  0.0000000000                  0.0000000000                  0.0000000000                  0.0100251474
      507                1825200.000000                  0.0000000000                  0.0000000000                  0.0000000000                  0.0100245486
      508                1828800.000000                  0.0000000000                  0.0000000000                  0.0000000000                  0.0100239640
      509                1832400.000000                  0.0000000000                  0.0000000000                  0.0000000000                  0.0100233934
      510                1836000.000000                  0.0000000000                  0.0000000000                  0.0000000000                  0.0100228363
      511                1839600.000000                  0.0000000000                  0.0000000000                  0.0000000000                  0.0100222925
      512                1843200.000000                  0.0000000000                  0.0000000000                  0.0000000000                  0.0100217617
      513                1846800.000000                  0.0000000000                  0.0000000000                  0.0000000000                  0.0100212435
      514                1850400.000000                  0.0000000000                  0.0000000000                  0.0000000000                  0.0100207377
      515                1854000.000000                  0.0000000000                  0.0000000000                  0.0000000000                  0.0100202439
      516                1857600.000000                  0.0000000000                  0.0000000000                  0.0000000000                  0.0100197618
      517                1861200.000000                  0.0000000000                  0.0000000000                  0.0000000000                  0.0100192912
      518                1864800.000000                  0.0000000000                  0.0000000000                  0.0000000000                  0.0100188319
      519                1868400.000000                  0.0000000000                  0.0000000000                  0.0000000000                  0.0100183834
      520                1872000.000000                  0.0000000000                  0.0000000000                  0.0000000000                  0.0100179457
      521                1875600.000000                  0.0000000000                  0.0000000000                  0.0000000000                  0.0100175184
      522                1879200.000000                  0.0000000000                  0.0000000000                  0.0000000000                  0.0100171012
      523                1882800.000000                  0.0000000000                  0.0000000000                  0.0000000000                  0.0100166940
      524                1886400.000000                  0.0000000000                  0.0000000000                  0.0000000000                  0.0100162965
      525                1890000.000000                  0.0000000000                  0.0000000000                  0.0000000000                  0.0100159084
      526                1893600.000000                  0.0000000000                  0.0000000000                  0.0000000000                  0.0100155296
      527                1897200.000000                  0.0000000000                  0.0000000000                  0.0000000000                  0.0100151598
      528                1900800.000000                  0.0000000000                  0.0000000000                  0.0000000000                  0.0100147988
      529                1904400.000000                  0.0000000000                  0.0000000000                  0.0000000000                  0.0100144464
      530                1908000.000000                  0.0000000000                  0.0000000000                  0.0000000000                  0.0100141024
      531                1911600.000000                  0.0000000000                  0.0000000000                  0.0000000000                  0.0100137666
      532                1915200.000000                  0.0000000000                  0.0000000000                  0.0000000000                  0.0100134388
      533                1918800.000000                  0.0000000000                  0.0000000000                  0.0000000000                  0.0100131188
      534                1922400.000000                  0.0000000000                  0.0000000000                  0.0000000000                  0.0100128064
      535                1926000.000000                  0.0000000000                  0.0000000000                  0.0000000000                  0.0100125015
      536                1929600.000000                  0.0000000000                  0.0000000000                  0.0000000000                  0.0100122038
      537                1933200.000000                  0.0000000000                  0.0000000000                  0.0000000000                  0.0100119132
      538                1936800.000000                  0.0000000000                  0.0000000000                  0.0000000000                  0.0100116295
      539                1940400.000000                  0.0000000000                  0.0000000000                  0.0000000000                  0.0100113526
      540                1944000.000000                  0.0000000000                  0.0000000000                  0.0000000000                  0.0100110822
      541                1947600.000000                  0.0000000000                  0.0000000000                  0.0000000000                  0.0100108184
      542                1951200.000000                  0.0000000000                  0.0000000000                  0.0000000000                  0.0100105607
      543                1954800.000000                  0.0000000000                  0.0000000000                  0.0000000000                  0.0100103093
      544                1958400.000000                  0.0000000000                  0.0000000000                  0.0000000000                  0.0100100638
      545                1962000.000000                  0.0000000000                  0.0000000000                  0.0000000000                  0.0100098241
      546                1965600.000000                  0.0000000000                  0.0000000000                  0.0000000000                  0.0100095902
      547                1969200.000000                  0.0000000000                  0.0000000000                  0.0000000000                  0.0100093618
      548                1972800.000000                  0.0000000000                  0.0000000000                  0.0000000000                  0.0100091389
      549                1976400.000000                  0.0000000000                  0.0000000000                  0.0000000000                  0.0100089213
      550                1980000.000000                  0.0000000000                  0.0000000000                  0.0000000000                  0.0100087089
      551                1983600.000000                  0.0000000000                  0.0000000000                  0.0000000000                  0.0100085015
      552                1987200.000000                  0.0000000000                  0.0000000000                  0.0000000000                  0.0100082991
      553                1990800.000000                  0.0000000000                  0.0000000000                  0.0000000000                  0.0100081014
      554                1994400.000000                  0.0000000000                  0.0000000000                  0.0000000000                  0.0100079085
      555                1998000.000000                  0.0000000000                  0.0000000000                  0.0000000000                  0.0100077202
      556                2001600.000000                  0.0000000000                  0.0000000000                  0.0000000000                  0.0100075364
      557                2005200.000000                  0.0000000000                  0.0000000000                  0.0000000000                  0.0100073569
      558                2008800.000000                  0.0000000000                  0.0000000000                  0.0000000000                  0.0100071817
      559                2012400.000000                  0.0000000000                  0.0000000000                  0.0000000000                  0.0100070107
      560                2016000.000000                  0.0000000000                  0.0000000000                  0.0000000000                  0.0100068438
      561                2019600.000000                  0.0000000000                  0.0000000000                  0.0000000000                  0.0100066808
      562                2023200.000000                  0.0000000000                  0.0000000000                  0.0000000000                  0.0100065217
      563                2026800.000000                  0.0000000000                  0.0000000000                  0.0000000000                  0.0100063664
      564                2030400.000000                  0.0000000000                  0.0000000000                  0.0000000000                  0.0100062148
      565                2034000.000000                  0.0000000000                  0.0000000000                  0.0000000000                  0.0100060668
      566                2037600.000000                  0.0000000000                  0.0000000000                  0.0000000000                  0.0100059224
      567                2041200.000000                  0.0000000000                  0.0000000000                  0.0000000000                  0.0100057814
      568                2044800.000000                  0.0000000000                  0.0000000000                  0.0000000000                  0.0100056437
      569                2048400.000000                  0.0000000000                  0.0000000000                  0.0000000000                  0.0100055093
      570                2052000.000000                  0.0000000000                  0.0000000000                  0.0000000000                  0.0100053781
      571                2055600.000000                  0.0000000000                  0.0000000000                  0.0000000000                  0.0100052500
      572                2059200.000000                  0.0000000000                  0.0000000000                  0.0000000000                  0.0100051250
      573                2062800.000000                  0.0000000000                  0.0000000000                  0.0000000000                  0.0100050030
      574                2066400.000000                  0.0000000000                  0.0000000000                  0.0000000000                  0.0100048839
      575                2070000.000000                  0.0000000000                  0.0000000000                  0.0000000000                  0.0100047676
      576                2073600.000000                  0.0000000000                  0.0000000000                  0.0000000000                  0.0100046540
      577                2077200.000000                  0.0000000000                  0.0000000000                  0.0000000000                  0.0100045432
      578                2080800.000000                  0.0000000000                  0.0000000000                  0.0000000000                  0.0100044350
      579                2084400.000000                  0.0000000000                  0.0000000000                  0.0000000000                  0.0100043294
      580                2088000.000000                  0.0000000000                  0.0000000000                  0.0000000000                  0.0100042263
      581                2091600.000000                  0.0000000000                  0.0000000000                  0.0000000000                  0.0100041257
      582                2095200.000000                  0.0000000000                  0.0000000000                  0.0000000000                  0.0100040274
      583                2098800.000000                  0.0000000000                  0.0000000000                  0.0000000000                  0.0100039315
      584                2102400.000000                  0.0000000000                  0.0000000000                  0.0000000000                  0.0100038379
      585                2106000.000000                  0.0000000000                  0.0000000000                  0.0000000000                  0.0100037465
      586                2109600.000000                  0.0000000000                  0.0000000000                  0.0000000000                  0.0100036573
      587                2113200.000000                  0.0000000000                  0.0000000000                  0.0000000000                  0.0100035702
      588                2116800.000000                  0.0000000000                  0.0000000000                  0.0000000000                  0.0100034852
      589                2120400.000000                  0.0000000000                  0.0000000000                  0.0000000000                  0.0100034022
      590                2124000.000000                  0.0000000000                  0.0000000000                  0.0000000000                  0.0100033212
      591                2127600.000000                  0.0000000000                  0.0000000000                  0.0000000000                  0.0100032421
      592                2131200.000000                  0.0000000000                  0.0000000000                  0.0000000000                  0.0100031649
      593                2134800.000000                  0.0000000000                  0.0000000000                  0.0000000000                  0.0100030896
      594                2138400.000000                  0.0000000000                  0.0000000000                  0.0000000000                  0.0100030160
      595                2142000.000000                  0.0000000000                  0.0000000000                  0.0000000000                  0.0100029442
      596                2145600.000000                  0.0000000000                  0.0000000000                  0.0000000000                  0.0100028741
      597                2149200.000000                  0.0000000000                  0.0000000000                  0.0000000000                  0.0100028056
      598                2152800.000000                  0.0000000000                  0.0000000000                  0.0000000000                  0.0100027388
      599                2156400.000000                  0.0000000000                  0.0000000000                  0.0000000000                  0.0100026736
      600                2160000.000000                  0.0000000000                  0.0000000000                  0.0000000000                  0.0100026099
