# Variacao DeslocAndPress no tempo no ponto      610
        0                      0.000000                  0.0000000000                  0.0000000000                  0.0000000000                  0.0000000000
        1                   3600.000000                  0.0000000000                  0.0000000000                 -0.0158931461                  0.0000000000
        2                   7200.000000                  0.0000000000                  0.0000000000                 -0.0233369936                  0.0000000000
        3                  10800.000000                  0.0000000000                  0.0000000000                 -0.0290015696                  0.0000000000
        4                  14400.000000                  0.0000000000                  0.0000000000                 -0.0337371752                  0.0000000000
        5                  18000.000000                  0.0000000000                  0.0000000000                 -0.0378872053                  0.0000000000
        6                  21600.000000                  0.0000000000                  0.0000000000                 -0.0416258589                  0.0000000000
        7                  25200.000000                  0.0000000000                  0.0000000000                 -0.0450552058                  0.0000000000
        8                  28800.000000                  0.0000000000                  0.0000000000                 -0.0482409985                  0.0000000000
        9                  32400.000000                  0.0000000000                  0.0000000000                 -0.0512284698                  0.0000000000
       10                  36000.000000                  0.0000000000                  0.0000000000                 -0.0540502554                  0.0000000000
       11                  39600.000000                  0.0000000000                  0.0000000000                 -0.0567307593                  0.0000000000
       12                  43200.000000                  0.0000000000                  0.0000000000                 -0.0592887407                  0.0000000000
       13                  46800.000000                  0.0000000000                  0.0000000000                 -0.0617389354                  0.0000000000
       14                  50400.000000                  0.0000000000                  0.0000000000                 -0.0640931226                  0.0000000000
       15                  54000.000000                  0.0000000000                  0.0000000000                 -0.0663608541                  0.0000000000
       16                  57600.000000                  0.0000000000                  0.0000000000                 -0.0685499701                  0.0000000000
       17                  61200.000000                  0.0000000000                  0.0000000000                 -0.0706669745                  0.0000000000
       18                  64800.000000                  0.0000000000                  0.0000000000                 -0.0727173143                  0.0000000000
       19                  68400.000000                  0.0000000000                  0.0000000000                 -0.0747055923                  0.0000000000
       20                  72000.000000                  0.0000000000                  0.0000000000                 -0.0766357312                  0.0000000000
       21                  75600.000000                  0.0000000000                  0.0000000000                 -0.0785111020                  0.0000000000
       22                  79200.000000                  0.0000000000                  0.0000000000                 -0.0803346260                  0.0000000000
       23                  82800.000000                  0.0000000000                  0.0000000000                 -0.0821088555                  0.0000000000
       24                  86400.000000                  0.0000000000                  0.0000000000                 -0.0838360395                  0.0000000000
       25                  90000.000000                  0.0000000000                  0.0000000000                 -0.0855181757                  0.0000000000
       26                  93600.000000                  0.0000000000                  0.0000000000                 -0.0871570534                  0.0000000000
       27                  97200.000000                  0.0000000000                  0.0000000000                 -0.0887542884                  0.0000000000
       28                 100800.000000                  0.0000000000                  0.0000000000                 -0.0903113507                  0.0000000000
       29                 104400.000000                  0.0000000000                  0.0000000000                 -0.0918295882                  0.0000000000
       30                 108000.000000                  0.0000000000                  0.0000000000                 -0.0933102452                  0.0000000000
       31                 111600.000000                  0.0000000000                  0.0000000000                 -0.0947544780                  0.0000000000
       32                 115200.000000                  0.0000000000                  0.0000000000                 -0.0961633679                  0.0000000000
       33                 118800.000000                  0.0000000000                  0.0000000000                 -0.0975379312                  0.0000000000
       34                 122400.000000                  0.0000000000                  0.0000000000                 -0.0988791282                  0.0000000000
       35                 126000.000000                  0.0000000000                  0.0000000000                 -0.1001878705                  0.0000000000
       36                 129600.000000                  0.0000000000                  0.0000000000                 -0.1014650264                  0.0000000000
       37                 133200.000000                  0.0000000000                  0.0000000000                 -0.1027114263                  0.0000000000
       38                 136800.000000                  0.0000000000                  0.0000000000                 -0.1039278664                  0.0000000000
       39                 140400.000000                  0.0000000000                  0.0000000000                 -0.1051151123                  0.0000000000
       40                 144000.000000                  0.0000000000                  0.0000000000                 -0.1062739021                  0.0000000000
       41                 147600.000000                  0.0000000000                  0.0000000000                 -0.1074049480                  0.0000000000
       42                 151200.000000                  0.0000000000                  0.0000000000                 -0.1085089394                  0.0000000000
       43                 154800.000000                  0.0000000000                  0.0000000000                 -0.1095865438                  0.0000000000
       44                 158400.000000                  0.0000000000                  0.0000000000                 -0.1106384085                  0.0000000000
       45                 162000.000000                  0.0000000000                  0.0000000000                 -0.1116651620                  0.0000000000
       46                 165600.000000                  0.0000000000                  0.0000000000                 -0.1126674149                  0.0000000000
       47                 169200.000000                  0.0000000000                  0.0000000000                 -0.1136457611                  0.0000000000
       48                 172800.000000                  0.0000000000                  0.0000000000                 -0.1146007782                  0.0000000000
       49                 176400.000000                  0.0000000000                  0.0000000000                 -0.1155330286                  0.0000000000
       50                 180000.000000                  0.0000000000                  0.0000000000                 -0.1164430601                  0.0000000000
       51                 183600.000000                  0.0000000000                  0.0000000000                 -0.1173314064                  0.0000000000
       52                 187200.000000                  0.0000000000                  0.0000000000                 -0.1181985874                  0.0000000000
       53                 190800.000000                  0.0000000000                  0.0000000000                 -0.1190451103                  0.0000000000
       54                 194400.000000                  0.0000000000                  0.0000000000                 -0.1198714693                  0.0000000000
       55                 198000.000000                  0.0000000000                  0.0000000000                 -0.1206781467                  0.0000000000
       56                 201600.000000                  0.0000000000                  0.0000000000                 -0.1214656126                  0.0000000000
       57                 205200.000000                  0.0000000000                  0.0000000000                 -0.1222343259                  0.0000000000
       58                 208800.000000                  0.0000000000                  0.0000000000                 -0.1229847340                  0.0000000000
       59                 212400.000000                  0.0000000000                  0.0000000000                 -0.1237172738                  0.0000000000
       60                 216000.000000                  0.0000000000                  0.0000000000                 -0.1244323714                  0.0000000000
       61                 219600.000000                  0.0000000000                  0.0000000000                 -0.1251304425                  0.0000000000
       62                 223200.000000                  0.0000000000                  0.0000000000                 -0.1258118932                  0.0000000000
       63                 226800.000000                  0.0000000000                  0.0000000000                 -0.1264771194                  0.0000000000
       64                 230400.000000                  0.0000000000                  0.0000000000                 -0.1271265077                  0.0000000000
       65                 234000.000000                  0.0000000000                  0.0000000000                 -0.1277604355                  0.0000000000
       66                 237600.000000                  0.0000000000                  0.0000000000                 -0.1283792710                  0.0000000000
       67                 241200.000000                  0.0000000000                  0.0000000000                 -0.1289833737                  0.0000000000
       68                 244800.000000                  0.0000000000                  0.0000000000                 -0.1295730946                  0.0000000000
       69                 248400.000000                  0.0000000000                  0.0000000000                 -0.1301487760                  0.0000000000
       70                 252000.000000                  0.0000000000                  0.0000000000                 -0.1307107523                  0.0000000000
       71                 255600.000000                  0.0000000000                  0.0000000000                 -0.1312593499                  0.0000000000
       72                 259200.000000                  0.0000000000                  0.0000000000                 -0.1317948874                  0.0000000000
       73                 262800.000000                  0.0000000000                  0.0000000000                 -0.1323176756                  0.0000000000
       74                 266400.000000                  0.0000000000                  0.0000000000                 -0.1328280182                  0.0000000000
       75                 270000.000000                  0.0000000000                  0.0000000000                 -0.1333262115                  0.0000000000
       76                 273600.000000                  0.0000000000                  0.0000000000                 -0.1338125446                  0.0000000000
       77                 277200.000000                  0.0000000000                  0.0000000000                 -0.1342873001                  0.0000000000
       78                 280800.000000                  0.0000000000                  0.0000000000                 -0.1347507535                  0.0000000000
       79                 284400.000000                  0.0000000000                  0.0000000000                 -0.1352031738                  0.0000000000
       80                 288000.000000                  0.0000000000                  0.0000000000                 -0.1356448239                  0.0000000000
       81                 291600.000000                  0.0000000000                  0.0000000000                 -0.1360759600                  0.0000000000
       82                 295200.000000                  0.0000000000                  0.0000000000                 -0.1364968325                  0.0000000000
       83                 298800.000000                  0.0000000000                  0.0000000000                 -0.1369076857                  0.0000000000
       84                 302400.000000                  0.0000000000                  0.0000000000                 -0.1373087582                  0.0000000000
       85                 306000.000000                  0.0000000000                  0.0000000000                 -0.1377002827                  0.0000000000
       86                 309600.000000                  0.0000000000                  0.0000000000                 -0.1380824866                  0.0000000000
       87                 313200.000000                  0.0000000000                  0.0000000000                 -0.1384555918                  0.0000000000
       88                 316800.000000                  0.0000000000                  0.0000000000                 -0.1388198149                  0.0000000000
       89                 320400.000000                  0.0000000000                  0.0000000000                 -0.1391753673                  0.0000000000
       90                 324000.000000                  0.0000000000                  0.0000000000                 -0.1395224555                  0.0000000000
       91                 327600.000000                  0.0000000000                  0.0000000000                 -0.1398612809                  0.0000000000
       92                 331200.000000                  0.0000000000                  0.0000000000                 -0.1401920402                  0.0000000000
       93                 334800.000000                  0.0000000000                  0.0000000000                 -0.1405149256                  0.0000000000
       94                 338400.000000                  0.0000000000                  0.0000000000                 -0.1408301243                  0.0000000000
       95                 342000.000000                  0.0000000000                  0.0000000000                 -0.1411378195                  0.0000000000
       96                 345600.000000                  0.0000000000                  0.0000000000                 -0.1414381897                  0.0000000000
       97                 349200.000000                  0.0000000000                  0.0000000000                 -0.1417314093                  0.0000000000
       98                 352800.000000                  0.0000000000                  0.0000000000                 -0.1420176485                  0.0000000000
       99                 356400.000000                  0.0000000000                  0.0000000000                 -0.1422970736                  0.0000000000
      100                 360000.000000                  0.0000000000                  0.0000000000                 -0.1425698467                  0.0000000000
      101                 363600.000000                  0.0000000000                  0.0000000000                 -0.1428361262                  0.0000000000
      102                 367200.000000                  0.0000000000                  0.0000000000                 -0.1430960666                  0.0000000000
      103                 370800.000000                  0.0000000000                  0.0000000000                 -0.1433498190                  0.0000000000
      104                 374400.000000                  0.0000000000                  0.0000000000                 -0.1435975305                  0.0000000000
      105                 378000.000000                  0.0000000000                  0.0000000000                 -0.1438393451                  0.0000000000
      106                 381600.000000                  0.0000000000                  0.0000000000                 -0.1440754030                  0.0000000000
      107                 385200.000000                  0.0000000000                  0.0000000000                 -0.1443058414                  0.0000000000
      108                 388800.000000                  0.0000000000                  0.0000000000                 -0.1445307939                  0.0000000000
      109                 392400.000000                  0.0000000000                  0.0000000000                 -0.1447503913                  0.0000000000
      110                 396000.000000                  0.0000000000                  0.0000000000                 -0.1449647610                  0.0000000000
      111                 399600.000000                  0.0000000000                  0.0000000000                 -0.1451740273                  0.0000000000
      112                 403200.000000                  0.0000000000                  0.0000000000                 -0.1453783120                  0.0000000000
      113                 406800.000000                  0.0000000000                  0.0000000000                 -0.1455777334                  0.0000000000
      114                 410400.000000                  0.0000000000                  0.0000000000                 -0.1457724074                  0.0000000000
      115                 414000.000000                  0.0000000000                  0.0000000000                 -0.1459624471                  0.0000000000
      116                 417600.000000                  0.0000000000                  0.0000000000                 -0.1461479626                  0.0000000000
      117                 421200.000000                  0.0000000000                  0.0000000000                 -0.1463290619                  0.0000000000
      118                 424800.000000                  0.0000000000                  0.0000000000                 -0.1465058498                  0.0000000000
      119                 428400.000000                  0.0000000000                  0.0000000000                 -0.1466784292                  0.0000000000
      120                 432000.000000                  0.0000000000                  0.0000000000                 -0.1468469002                  0.0000000000
      121                 435600.000000                  0.0000000000                  0.0000000000                 -0.1470113606                  0.0000000000
      122                 439200.000000                  0.0000000000                  0.0000000000                 -0.1471719058                  0.0000000000
      123                 442800.000000                  0.0000000000                  0.0000000000                 -0.1473286291                  0.0000000000
      124                 446400.000000                  0.0000000000                  0.0000000000                 -0.1474816215                  0.0000000000
      125                 450000.000000                  0.0000000000                  0.0000000000                 -0.1476309718                  0.0000000000
      126                 453600.000000                  0.0000000000                  0.0000000000                 -0.1477767666                  0.0000000000
      127                 457200.000000                  0.0000000000                  0.0000000000                 -0.1479190907                  0.0000000000
      128                 460800.000000                  0.0000000000                  0.0000000000                 -0.1480580266                  0.0000000000
      129                 464400.000000                  0.0000000000                  0.0000000000                 -0.1481936550                  0.0000000000
      130                 468000.000000                  0.0000000000                  0.0000000000                 -0.1483260547                  0.0000000000
      131                 471600.000000                  0.0000000000                  0.0000000000                 -0.1484553024                  0.0000000000
      132                 475200.000000                  0.0000000000                  0.0000000000                 -0.1485814734                  0.0000000000
      133                 478800.000000                  0.0000000000                  0.0000000000                 -0.1487046407                  0.0000000000
      134                 482400.000000                  0.0000000000                  0.0000000000                 -0.1488248758                  0.0000000000
      135                 486000.000000                  0.0000000000                  0.0000000000                 -0.1489422487                  0.0000000000
      136                 489600.000000                  0.0000000000                  0.0000000000                 -0.1490568274                  0.0000000000
      137                 493200.000000                  0.0000000000                  0.0000000000                 -0.1491686785                  0.0000000000
      138                 496800.000000                  0.0000000000                  0.0000000000                 -0.1492778668                  0.0000000000
      139                 500400.000000                  0.0000000000                  0.0000000000                 -0.1493844559                  0.0000000000
      140                 504000.000000                  0.0000000000                  0.0000000000                 -0.1494885074                  0.0000000000
      141                 507600.000000                  0.0000000000                  0.0000000000                 -0.1495900820                  0.0000000000
      142                 511200.000000                  0.0000000000                  0.0000000000                 -0.1496892384                  0.0000000000
      143                 514800.000000                  0.0000000000                  0.0000000000                 -0.1497860344                  0.0000000000
      144                 518400.000000                  0.0000000000                  0.0000000000                 -0.1498805260                  0.0000000000
      145                 522000.000000                  0.0000000000                  0.0000000000                 -0.1499727682                  0.0000000000
      146                 525600.000000                  0.0000000000                  0.0000000000                 -0.1500628145                  0.0000000000
      147                 529200.000000                  0.0000000000                  0.0000000000                 -0.1501507171                  0.0000000000
      148                 532800.000000                  0.0000000000                  0.0000000000                 -0.1502365271                  0.0000000000
      149                 536400.000000                  0.0000000000                  0.0000000000                 -0.1503202944                  0.0000000000
      150                 540000.000000                  0.0000000000                  0.0000000000                 -0.1504020675                  0.0000000000
      151                 543600.000000                  0.0000000000                  0.0000000000                 -0.1504818939                  0.0000000000
      152                 547200.000000                  0.0000000000                  0.0000000000                 -0.1505598200                  0.0000000000
      153                 550800.000000                  0.0000000000                  0.0000000000                 -0.1506358909                  0.0000000000
      154                 554400.000000                  0.0000000000                  0.0000000000                 -0.1507101510                  0.0000000000
      155                 558000.000000                  0.0000000000                  0.0000000000                 -0.1507826432                  0.0000000000
      156                 561600.000000                  0.0000000000                  0.0000000000                 -0.1508534097                  0.0000000000
      157                 565200.000000                  0.0000000000                  0.0000000000                 -0.1509224915                  0.0000000000
      158                 568800.000000                  0.0000000000                  0.0000000000                 -0.1509899287                  0.0000000000
      159                 572400.000000                  0.0000000000                  0.0000000000                 -0.1510557606                  0.0000000000
      160                 576000.000000                  0.0000000000                  0.0000000000                 -0.1511200252                  0.0000000000
      161                 579600.000000                  0.0000000000                  0.0000000000                 -0.1511827600                  0.0000000000
      162                 583200.000000                  0.0000000000                  0.0000000000                 -0.1512440013                  0.0000000000
      163                 586800.000000                  0.0000000000                  0.0000000000                 -0.1513037848                  0.0000000000
      164                 590400.000000                  0.0000000000                  0.0000000000                 -0.1513621450                  0.0000000000
      165                 594000.000000                  0.0000000000                  0.0000000000                 -0.1514191159                  0.0000000000
      166                 597600.000000                  0.0000000000                  0.0000000000                 -0.1514747305                  0.0000000000
      167                 601200.000000                  0.0000000000                  0.0000000000                 -0.1515290212                  0.0000000000
      168                 604800.000000                  0.0000000000                  0.0000000000                 -0.1515820195                  0.0000000000
      169                 608400.000000                  0.0000000000                  0.0000000000                 -0.1516337561                  0.0000000000
      170                 612000.000000                  0.0000000000                  0.0000000000                 -0.1516842611                  0.0000000000
      171                 615600.000000                  0.0000000000                  0.0000000000                 -0.1517335637                  0.0000000000
      172                 619200.000000                  0.0000000000                  0.0000000000                 -0.1517816926                  0.0000000000
      173                 622800.000000                  0.0000000000                  0.0000000000                 -0.1518286758                  0.0000000000
      174                 626400.000000                  0.0000000000                  0.0000000000                 -0.1518745406                  0.0000000000
      175                 630000.000000                  0.0000000000                  0.0000000000                 -0.1519193134                  0.0000000000
      176                 633600.000000                  0.0000000000                  0.0000000000                 -0.1519630204                  0.0000000000
      177                 637200.000000                  0.0000000000                  0.0000000000                 -0.1520056870                  0.0000000000
      178                 640800.000000                  0.0000000000                  0.0000000000                 -0.1520473378                  0.0000000000
      179                 644400.000000                  0.0000000000                  0.0000000000                 -0.1520879970                  0.0000000000
      180                 648000.000000                  0.0000000000                  0.0000000000                 -0.1521276884                  0.0000000000
      181                 651600.000000                  0.0000000000                  0.0000000000                 -0.1521664348                  0.0000000000
      182                 655200.000000                  0.0000000000                  0.0000000000                 -0.1522042589                  0.0000000000
      183                 658800.000000                  0.0000000000                  0.0000000000                 -0.1522411825                  0.0000000000
      184                 662400.000000                  0.0000000000                  0.0000000000                 -0.1522772271                  0.0000000000
      185                 666000.000000                  0.0000000000                  0.0000000000                 -0.1523124137                  0.0000000000
      186                 669600.000000                  0.0000000000                  0.0000000000                 -0.1523467626                  0.0000000000
      187                 673200.000000                  0.0000000000                  0.0000000000                 -0.1523802938                  0.0000000000
      188                 676800.000000                  0.0000000000                  0.0000000000                 -0.1524130267                  0.0000000000
      189                 680400.000000                  0.0000000000                  0.0000000000                 -0.1524449805                  0.0000000000
      190                 684000.000000                  0.0000000000                  0.0000000000                 -0.1524761735                  0.0000000000
      191                 687600.000000                  0.0000000000                  0.0000000000                 -0.1525066239                  0.0000000000
      192                 691200.000000                  0.0000000000                  0.0000000000                 -0.1525363495                  0.0000000000
      193                 694800.000000                  0.0000000000                  0.0000000000                 -0.1525653674                  0.0000000000
      194                 698400.000000                  0.0000000000                  0.0000000000                 -0.1525936945                  0.0000000000
      195                 702000.000000                  0.0000000000                  0.0000000000                 -0.1526213473                  0.0000000000
      196                 705600.000000                  0.0000000000                  0.0000000000                 -0.1526483417                  0.0000000000
      197                 709200.000000                  0.0000000000                  0.0000000000                 -0.1526746936                  0.0000000000
      198                 712800.000000                  0.0000000000                  0.0000000000                 -0.1527004181                  0.0000000000
      199                 716400.000000                  0.0000000000                  0.0000000000                 -0.1527255302                  0.0000000000
      200                 720000.000000                  0.0000000000                  0.0000000000                 -0.1527500445                  0.0000000000
      201                 723600.000000                  0.0000000000                  0.0000000000                 -0.1527739752                  0.0000000000
      202                 727200.000000                  0.0000000000                  0.0000000000                 -0.1527973362                  0.0000000000
      203                 730800.000000                  0.0000000000                  0.0000000000                 -0.1528201411                  0.0000000000
      204                 734400.000000                  0.0000000000                  0.0000000000                 -0.1528424031                  0.0000000000
      205                 738000.000000                  0.0000000000                  0.0000000000                 -0.1528641351                  0.0000000000
      206                 741600.000000                  0.0000000000                  0.0000000000                 -0.1528853498                  0.0000000000
      207                 745200.000000                  0.0000000000                  0.0000000000                 -0.1529060594                  0.0000000000
      208                 748800.000000                  0.0000000000                  0.0000000000                 -0.1529262760                  0.0000000000
      209                 752400.000000                  0.0000000000                  0.0000000000                 -0.1529460114                  0.0000000000
      210                 756000.000000                  0.0000000000                  0.0000000000                 -0.1529652769                  0.0000000000
      211                 759600.000000                  0.0000000000                  0.0000000000                 -0.1529840838                  0.0000000000
      212                 763200.000000                  0.0000000000                  0.0000000000                 -0.1530024430                  0.0000000000
      213                 766800.000000                  0.0000000000                  0.0000000000                 -0.1530203652                  0.0000000000
      214                 770400.000000                  0.0000000000                  0.0000000000                 -0.1530378606                  0.0000000000
      215                 774000.000000                  0.0000000000                  0.0000000000                 -0.1530549396                  0.0000000000
      216                 777600.000000                  0.0000000000                  0.0000000000                 -0.1530716120                  0.0000000000
      217                 781200.000000                  0.0000000000                  0.0000000000                 -0.1530878875                  0.0000000000
      218                 784800.000000                  0.0000000000                  0.0000000000                 -0.1531037756                  0.0000000000
      219                 788400.000000                  0.0000000000                  0.0000000000                 -0.1531192854                  0.0000000000
      220                 792000.000000                  0.0000000000                  0.0000000000                 -0.1531344260                  0.0000000000
      221                 795600.000000                  0.0000000000                  0.0000000000                 -0.1531492061                  0.0000000000
      222                 799200.000000                  0.0000000000                  0.0000000000                 -0.1531636344                  0.0000000000
      223                 802800.000000                  0.0000000000                  0.0000000000                 -0.1531777193                  0.0000000000
      224                 806400.000000                  0.0000000000                  0.0000000000                 -0.1531914688                  0.0000000000
      225                 810000.000000                  0.0000000000                  0.0000000000                 -0.1532048910                  0.0000000000
      226                 813600.000000                  0.0000000000                  0.0000000000                 -0.1532179937                  0.0000000000
      227                 817200.000000                  0.0000000000                  0.0000000000                 -0.1532307844                  0.0000000000
      228                 820800.000000                  0.0000000000                  0.0000000000                 -0.1532432707                  0.0000000000
      229                 824400.000000                  0.0000000000                  0.0000000000                 -0.1532554597                  0.0000000000
      230                 828000.000000                  0.0000000000                  0.0000000000                 -0.1532673585                  0.0000000000
      231                 831600.000000                  0.0000000000                  0.0000000000                 -0.1532789741                  0.0000000000
      232                 835200.000000                  0.0000000000                  0.0000000000                 -0.1532903132                  0.0000000000
      233                 838800.000000                  0.0000000000                  0.0000000000                 -0.1533013823                  0.0000000000
      234                 842400.000000                  0.0000000000                  0.0000000000                 -0.1533121879                  0.0000000000
      235                 846000.000000                  0.0000000000                  0.0000000000                 -0.1533227363                  0.0000000000
      236                 849600.000000                  0.0000000000                  0.0000000000                 -0.1533330336                  0.0000000000
      237                 853200.000000                  0.0000000000                  0.0000000000                 -0.1533430857                  0.0000000000
      238                 856800.000000                  0.0000000000                  0.0000000000                 -0.1533528985                  0.0000000000
      239                 860400.000000                  0.0000000000                  0.0000000000                 -0.1533624777                  0.0000000000
      240                 864000.000000                  0.0000000000                  0.0000000000                 -0.1533718289                  0.0000000000
      241                 867600.000000                  0.0000000000                  0.0000000000                 -0.1533809575                  0.0000000000
      242                 871200.000000                  0.0000000000                  0.0000000000                 -0.1533898687                  0.0000000000
      243                 874800.000000                  0.0000000000                  0.0000000000                 -0.1533985678                  0.0000000000
      244                 878400.000000                  0.0000000000                  0.0000000000                 -0.1534070599                  0.0000000000
      245                 882000.000000                  0.0000000000                  0.0000000000                 -0.1534153497                  0.0000000000
      246                 885600.000000                  0.0000000000                  0.0000000000                 -0.1534234422                  0.0000000000
      247                 889200.000000                  0.0000000000                  0.0000000000                 -0.1534313421                  0.0000000000
      248                 892800.000000                  0.0000000000                  0.0000000000                 -0.1534390539                  0.0000000000
      249                 896400.000000                  0.0000000000                  0.0000000000                 -0.1534465821                  0.0000000000
      250                 900000.000000                  0.0000000000                  0.0000000000                 -0.1534539311                  0.0000000000
      251                 903600.000000                  0.0000000000                  0.0000000000                 -0.1534611052                  0.0000000000
      252                 907200.000000                  0.0000000000                  0.0000000000                 -0.1534681085                  0.0000000000
      253                 910800.000000                  0.0000000000                  0.0000000000                 -0.1534749450                  0.0000000000
      254                 914400.000000                  0.0000000000                  0.0000000000                 -0.1534816188                  0.0000000000
      255                 918000.000000                  0.0000000000                  0.0000000000                 -0.1534881337                  0.0000000000
      256                 921600.000000                  0.0000000000                  0.0000000000                 -0.1534944935                  0.0000000000
      257                 925200.000000                  0.0000000000                  0.0000000000                 -0.1535007020                  0.0000000000
      258                 928800.000000                  0.0000000000                  0.0000000000                 -0.1535067626                  0.0000000000
      259                 932400.000000                  0.0000000000                  0.0000000000                 -0.1535126789                  0.0000000000
      260                 936000.000000                  0.0000000000                  0.0000000000                 -0.1535184545                  0.0000000000
      261                 939600.000000                  0.0000000000                  0.0000000000                 -0.1535240925                  0.0000000000
      262                 943200.000000                  0.0000000000                  0.0000000000                 -0.1535295963                  0.0000000000
      263                 946800.000000                  0.0000000000                  0.0000000000                 -0.1535349690                  0.0000000000
      264                 950400.000000                  0.0000000000                  0.0000000000                 -0.1535402139                  0.0000000000
      265                 954000.000000                  0.0000000000                  0.0000000000                 -0.1535453339                  0.0000000000
      266                 957600.000000                  0.0000000000                  0.0000000000                 -0.1535503320                  0.0000000000
      267                 961200.000000                  0.0000000000                  0.0000000000                 -0.1535552112                  0.0000000000
      268                 964800.000000                  0.0000000000                  0.0000000000                 -0.1535599742                  0.0000000000
      269                 968400.000000                  0.0000000000                  0.0000000000                 -0.1535646238                  0.0000000000
      270                 972000.000000                  0.0000000000                  0.0000000000                 -0.1535691627                  0.0000000000
      271                 975600.000000                  0.0000000000                  0.0000000000                 -0.1535735935                  0.0000000000
      272                 979200.000000                  0.0000000000                  0.0000000000                 -0.1535779189                  0.0000000000
      273                 982800.000000                  0.0000000000                  0.0000000000                 -0.1535821413                  0.0000000000
      274                 986400.000000                  0.0000000000                  0.0000000000                 -0.1535862632                  0.0000000000
      275                 990000.000000                  0.0000000000                  0.0000000000                 -0.1535902870                  0.0000000000
      276                 993600.000000                  0.0000000000                  0.0000000000                 -0.1535942150                  0.0000000000
      277                 997200.000000                  0.0000000000                  0.0000000000                 -0.1535980494                  0.0000000000
      278                1000800.000000                  0.0000000000                  0.0000000000                 -0.1536017926                  0.0000000000
      279                1004400.000000                  0.0000000000                  0.0000000000                 -0.1536054467                  0.0000000000
      280                1008000.000000                  0.0000000000                  0.0000000000                 -0.1536090138                  0.0000000000
      281                1011600.000000                  0.0000000000                  0.0000000000                 -0.1536124960                  0.0000000000
      282                1015200.000000                  0.0000000000                  0.0000000000                 -0.1536158952                  0.0000000000
      283                1018800.000000                  0.0000000000                  0.0000000000                 -0.1536192136                  0.0000000000
      284                1022400.000000                  0.0000000000                  0.0000000000                 -0.1536224529                  0.0000000000
      285                1026000.000000                  0.0000000000                  0.0000000000                 -0.1536256152                  0.0000000000
      286                1029600.000000                  0.0000000000                  0.0000000000                 -0.1536287021                  0.0000000000
      287                1033200.000000                  0.0000000000                  0.0000000000                 -0.1536317156                  0.0000000000
      288                1036800.000000                  0.0000000000                  0.0000000000                 -0.1536346573                  0.0000000000
      289                1040400.000000                  0.0000000000                  0.0000000000                 -0.1536375290                  0.0000000000
      290                1044000.000000                  0.0000000000                  0.0000000000                 -0.1536403324                  0.0000000000
      291                1047600.000000                  0.0000000000                  0.0000000000                 -0.1536430690                  0.0000000000
      292                1051200.000000                  0.0000000000                  0.0000000000                 -0.1536457404                  0.0000000000
      293                1054800.000000                  0.0000000000                  0.0000000000                 -0.1536483483                  0.0000000000
      294                1058400.000000                  0.0000000000                  0.0000000000                 -0.1536508941                  0.0000000000
      295                1062000.000000                  0.0000000000                  0.0000000000                 -0.1536533792                  0.0000000000
      296                1065600.000000                  0.0000000000                  0.0000000000                 -0.1536558052                  0.0000000000
      297                1069200.000000                  0.0000000000                  0.0000000000                 -0.1536581735                  0.0000000000
      298                1072800.000000                  0.0000000000                  0.0000000000                 -0.1536604854                  0.0000000000
      299                1076400.000000                  0.0000000000                  0.0000000000                 -0.1536627422                  0.0000000000
      300                1080000.000000                  0.0000000000                  0.0000000000                 -0.1536649453                  0.0000000000
      301                1083600.000000                  0.0000000000                  0.0000000000                 -0.1536670960                  0.0000000000
      302                1087200.000000                  0.0000000000                  0.0000000000                 -0.1536691955                  0.0000000000
      303                1090800.000000                  0.0000000000                  0.0000000000                 -0.1536712449                  0.0000000000
      304                1094400.000000                  0.0000000000                  0.0000000000                 -0.1536732456                  0.0000000000
      305                1098000.000000                  0.0000000000                  0.0000000000                 -0.1536751987                  0.0000000000
      306                1101600.000000                  0.0000000000                  0.0000000000                 -0.1536771053                  0.0000000000
      307                1105200.000000                  0.0000000000                  0.0000000000                 -0.1536789665                  0.0000000000
      308                1108800.000000                  0.0000000000                  0.0000000000                 -0.1536807834                  0.0000000000
      309                1112400.000000                  0.0000000000                  0.0000000000                 -0.1536825570                  0.0000000000
      310                1116000.000000                  0.0000000000                  0.0000000000                 -0.1536842884                  0.0000000000
      311                1119600.000000                  0.0000000000                  0.0000000000                 -0.1536859786                  0.0000000000
      312                1123200.000000                  0.0000000000                  0.0000000000                 -0.1536876285                  0.0000000000
      313                1126800.000000                  0.0000000000                  0.0000000000                 -0.1536892392                  0.0000000000
      314                1130400.000000                  0.0000000000                  0.0000000000                 -0.1536908115                  0.0000000000
      315                1134000.000000                  0.0000000000                  0.0000000000                 -0.1536923464                  0.0000000000
      316                1137600.000000                  0.0000000000                  0.0000000000                 -0.1536938448                  0.0000000000
      317                1141200.000000                  0.0000000000                  0.0000000000                 -0.1536953075                  0.0000000000
      318                1144800.000000                  0.0000000000                  0.0000000000                 -0.1536967354                  0.0000000000
      319                1148400.000000                  0.0000000000                  0.0000000000                 -0.1536981292                  0.0000000000
      320                1152000.000000                  0.0000000000                  0.0000000000                 -0.1536994899                  0.0000000000
      321                1155600.000000                  0.0000000000                  0.0000000000                 -0.1537008182                  0.0000000000
      322                1159200.000000                  0.0000000000                  0.0000000000                 -0.1537021149                  0.0000000000
      323                1162800.000000                  0.0000000000                  0.0000000000                 -0.1537033807                  0.0000000000
      324                1166400.000000                  0.0000000000                  0.0000000000                 -0.1537046164                  0.0000000000
      325                1170000.000000                  0.0000000000                  0.0000000000                 -0.1537058227                  0.0000000000
      326                1173600.000000                  0.0000000000                  0.0000000000                 -0.1537070002                  0.0000000000
      327                1177200.000000                  0.0000000000                  0.0000000000                 -0.1537081497                  0.0000000000
      328                1180800.000000                  0.0000000000                  0.0000000000                 -0.1537092719                  0.0000000000
      329                1184400.000000                  0.0000000000                  0.0000000000                 -0.1537103673                  0.0000000000
      330                1188000.000000                  0.0000000000                  0.0000000000                 -0.1537114367                  0.0000000000
      331                1191600.000000                  0.0000000000                  0.0000000000                 -0.1537124806                  0.0000000000
      332                1195200.000000                  0.0000000000                  0.0000000000                 -0.1537134996                  0.0000000000
      333                1198800.000000                  0.0000000000                  0.0000000000                 -0.1537144944                  0.0000000000
      334                1202400.000000                  0.0000000000                  0.0000000000                 -0.1537154655                  0.0000000000
      335                1206000.000000                  0.0000000000                  0.0000000000                 -0.1537164135                  0.0000000000
      336                1209600.000000                  0.0000000000                  0.0000000000                 -0.1537173389                  0.0000000000
      337                1213200.000000                  0.0000000000                  0.0000000000                 -0.1537182423                  0.0000000000
      338                1216800.000000                  0.0000000000                  0.0000000000                 -0.1537191242                  0.0000000000
      339                1220400.000000                  0.0000000000                  0.0000000000                 -0.1537199851                  0.0000000000
      340                1224000.000000                  0.0000000000                  0.0000000000                 -0.1537208255                  0.0000000000
      341                1227600.000000                  0.0000000000                  0.0000000000                 -0.1537216459                  0.0000000000
      342                1231200.000000                  0.0000000000                  0.0000000000                 -0.1537224467                  0.0000000000
      343                1234800.000000                  0.0000000000                  0.0000000000                 -0.1537232285                  0.0000000000
      344                1238400.000000                  0.0000000000                  0.0000000000                 -0.1537239917                  0.0000000000
      345                1242000.000000                  0.0000000000                  0.0000000000                 -0.1537247367                  0.0000000000
      346                1245600.000000                  0.0000000000                  0.0000000000                 -0.1537254640                  0.0000000000
      347                1249200.000000                  0.0000000000                  0.0000000000                 -0.1537261740                  0.0000000000
      348                1252800.000000                  0.0000000000                  0.0000000000                 -0.1537268670                  0.0000000000
      349                1256400.000000                  0.0000000000                  0.0000000000                 -0.1537275436                  0.0000000000
      350                1260000.000000                  0.0000000000                  0.0000000000                 -0.1537282041                  0.0000000000
      351                1263600.000000                  0.0000000000                  0.0000000000                 -0.1537288488                  0.0000000000
      352                1267200.000000                  0.0000000000                  0.0000000000                 -0.1537294782                  0.0000000000
      353                1270800.000000                  0.0000000000                  0.0000000000                 -0.1537300926                  0.0000000000
      354                1274400.000000                  0.0000000000                  0.0000000000                 -0.1537306924                  0.0000000000
      355                1278000.000000                  0.0000000000                  0.0000000000                 -0.1537312779                  0.0000000000
      356                1281600.000000                  0.0000000000                  0.0000000000                 -0.1537318494                  0.0000000000
      357                1285200.000000                  0.0000000000                  0.0000000000                 -0.1537324074                  0.0000000000
      358                1288800.000000                  0.0000000000                  0.0000000000                 -0.1537329521                  0.0000000000
      359                1292400.000000                  0.0000000000                  0.0000000000                 -0.1537334838                  0.0000000000
      360                1296000.000000                  0.0000000000                  0.0000000000                 -0.1537340028                  0.0000000000
      361                1299600.000000                  0.0000000000                  0.0000000000                 -0.1537345095                  0.0000000000
      362                1303200.000000                  0.0000000000                  0.0000000000                 -0.1537350041                  0.0000000000
      363                1306800.000000                  0.0000000000                  0.0000000000                 -0.1537354870                  0.0000000000
      364                1310400.000000                  0.0000000000                  0.0000000000                 -0.1537359584                  0.0000000000
      365                1314000.000000                  0.0000000000                  0.0000000000                 -0.1537364185                  0.0000000000
      366                1317600.000000                  0.0000000000                  0.0000000000                 -0.1537368677                  0.0000000000
      367                1321200.000000                  0.0000000000                  0.0000000000                 -0.1537373062                  0.0000000000
      368                1324800.000000                  0.0000000000                  0.0000000000                 -0.1537377342                  0.0000000000
      369                1328400.000000                  0.0000000000                  0.0000000000                 -0.1537381521                  0.0000000000
      370                1332000.000000                  0.0000000000                  0.0000000000                 -0.1537385600                  0.0000000000
      371                1335600.000000                  0.0000000000                  0.0000000000                 -0.1537389582                  0.0000000000
      372                1339200.000000                  0.0000000000                  0.0000000000                 -0.1537393469                  0.0000000000
      373                1342800.000000                  0.0000000000                  0.0000000000                 -0.1537397264                  0.0000000000
      374                1346400.000000                  0.0000000000                  0.0000000000                 -0.1537400968                  0.0000000000
      375                1350000.000000                  0.0000000000                  0.0000000000                 -0.1537404585                  0.0000000000
      376                1353600.000000                  0.0000000000                  0.0000000000                 -0.1537408115                  0.0000000000
      377                1357200.000000                  0.0000000000                  0.0000000000                 -0.1537411561                  0.0000000000
      378                1360800.000000                  0.0000000000                  0.0000000000                 -0.1537414925                  0.0000000000
      379                1364400.000000                  0.0000000000                  0.0000000000                 -0.1537418209                  0.0000000000
      380                1368000.000000                  0.0000000000                  0.0000000000                 -0.1537421414                  0.0000000000
      381                1371600.000000                  0.0000000000                  0.0000000000                 -0.1537424544                  0.0000000000
      382                1375200.000000                  0.0000000000                  0.0000000000                 -0.1537427599                  0.0000000000
      383                1378800.000000                  0.0000000000                  0.0000000000                 -0.1537430581                  0.0000000000
      384                1382400.000000                  0.0000000000                  0.0000000000                 -0.1537433492                  0.0000000000
      385                1386000.000000                  0.0000000000                  0.0000000000                 -0.1537436334                  0.0000000000
      386                1389600.000000                  0.0000000000                  0.0000000000                 -0.1537439108                  0.0000000000
      387                1393200.000000                  0.0000000000                  0.0000000000                 -0.1537441817                  0.0000000000
      388                1396800.000000                  0.0000000000                  0.0000000000                 -0.1537444460                  0.0000000000
      389                1400400.000000                  0.0000000000                  0.0000000000                 -0.1537447041                  0.0000000000
      390                1404000.000000                  0.0000000000                  0.0000000000                 -0.1537449561                  0.0000000000
      391                1407600.000000                  0.0000000000                  0.0000000000                 -0.1537452020                  0.0000000000
      392                1411200.000000                  0.0000000000                  0.0000000000                 -0.1537454421                  0.0000000000
      393                1414800.000000                  0.0000000000                  0.0000000000                 -0.1537456765                  0.0000000000
      394                1418400.000000                  0.0000000000                  0.0000000000                 -0.1537459052                  0.0000000000
      395                1422000.000000                  0.0000000000                  0.0000000000                 -0.1537461286                  0.0000000000
      396                1425600.000000                  0.0000000000                  0.0000000000                 -0.1537463466                  0.0000000000
      397                1429200.000000                  0.0000000000                  0.0000000000                 -0.1537465595                  0.0000000000
      398                1432800.000000                  0.0000000000                  0.0000000000                 -0.1537467672                  0.0000000000
      399                1436400.000000                  0.0000000000                  0.0000000000                 -0.1537469700                  0.0000000000
      400                1440000.000000                  0.0000000000                  0.0000000000                 -0.1537471680                  0.0000000000
      401                1443600.000000                  0.0000000000                  0.0000000000                 -0.1537473613                  0.0000000000
      402                1447200.000000                  0.0000000000                  0.0000000000                 -0.1537475500                  0.0000000000
      403                1450800.000000                  0.0000000000                  0.0000000000                 -0.1537477342                  0.0000000000
      404                1454400.000000                  0.0000000000                  0.0000000000                 -0.1537479140                  0.0000000000
      405                1458000.000000                  0.0000000000                  0.0000000000                 -0.1537480895                  0.0000000000
      406                1461600.000000                  0.0000000000                  0.0000000000                 -0.1537482609                  0.0000000000
      407                1465200.000000                  0.0000000000                  0.0000000000                 -0.1537484281                  0.0000000000
      408                1468800.000000                  0.0000000000                  0.0000000000                 -0.1537485914                  0.0000000000
      409                1472400.000000                  0.0000000000                  0.0000000000                 -0.1537487508                  0.0000000000
      410                1476000.000000                  0.0000000000                  0.0000000000                 -0.1537489064                  0.0000000000
      411                1479600.000000                  0.0000000000                  0.0000000000                 -0.1537490583                  0.0000000000
      412                1483200.000000                  0.0000000000                  0.0000000000                 -0.1537492066                  0.0000000000
      413                1486800.000000                  0.0000000000                  0.0000000000                 -0.1537493514                  0.0000000000
      414                1490400.000000                  0.0000000000                  0.0000000000                 -0.1537494927                  0.0000000000
      415                1494000.000000                  0.0000000000                  0.0000000000                 -0.1537496306                  0.0000000000
      416                1497600.000000                  0.0000000000                  0.0000000000                 -0.1537497653                  0.0000000000
      417                1501200.000000                  0.0000000000                  0.0000000000                 -0.1537498967                  0.0000000000
      418                1504800.000000                  0.0000000000                  0.0000000000                 -0.1537500250                  0.0000000000
      419                1508400.000000                  0.0000000000                  0.0000000000                 -0.1537501503                  0.0000000000
      420                1512000.000000                  0.0000000000                  0.0000000000                 -0.1537502726                  0.0000000000
      421                1515600.000000                  0.0000000000                  0.0000000000                 -0.1537503920                  0.0000000000
      422                1519200.000000                  0.0000000000                  0.0000000000                 -0.1537505085                  0.0000000000
      423                1522800.000000                  0.0000000000                  0.0000000000                 -0.1537506223                  0.0000000000
      424                1526400.000000                  0.0000000000                  0.0000000000                 -0.1537507333                  0.0000000000
      425                1530000.000000                  0.0000000000                  0.0000000000                 -0.1537508417                  0.0000000000
      426                1533600.000000                  0.0000000000                  0.0000000000                 -0.1537509475                  0.0000000000
      427                1537200.000000                  0.0000000000                  0.0000000000                 -0.1537510509                  0.0000000000
      428                1540800.000000                  0.0000000000                  0.0000000000                 -0.1537511517                  0.0000000000
      429                1544400.000000                  0.0000000000                  0.0000000000                 -0.1537512501                  0.0000000000
      430                1548000.000000                  0.0000000000                  0.0000000000                 -0.1537513463                  0.0000000000
      431                1551600.000000                  0.0000000000                  0.0000000000                 -0.1537514401                  0.0000000000
      432                1555200.000000                  0.0000000000                  0.0000000000                 -0.1537515317                  0.0000000000
      433                1558800.000000                  0.0000000000                  0.0000000000                 -0.1537516211                  0.0000000000
      434                1562400.000000                  0.0000000000                  0.0000000000                 -0.1537517083                  0.0000000000
      435                1566000.000000                  0.0000000000                  0.0000000000                 -0.1537517935                  0.0000000000
      436                1569600.000000                  0.0000000000                  0.0000000000                 -0.1537518767                  0.0000000000
      437                1573200.000000                  0.0000000000                  0.0000000000                 -0.1537519579                  0.0000000000
      438                1576800.000000                  0.0000000000                  0.0000000000                 -0.1537520371                  0.0000000000
      439                1580400.000000                  0.0000000000                  0.0000000000                 -0.1537521145                  0.0000000000
      440                1584000.000000                  0.0000000000                  0.0000000000                 -0.1537521900                  0.0000000000
      441                1587600.000000                  0.0000000000                  0.0000000000                 -0.1537522638                  0.0000000000
      442                1591200.000000                  0.0000000000                  0.0000000000                 -0.1537523357                  0.0000000000
      443                1594800.000000                  0.0000000000                  0.0000000000                 -0.1537524060                  0.0000000000
      444                1598400.000000                  0.0000000000                  0.0000000000                 -0.1537524746                  0.0000000000
      445                1602000.000000                  0.0000000000                  0.0000000000                 -0.1537525415                  0.0000000000
      446                1605600.000000                  0.0000000000                  0.0000000000                 -0.1537526069                  0.0000000000
      447                1609200.000000                  0.0000000000                  0.0000000000                 -0.1537526707                  0.0000000000
      448                1612800.000000                  0.0000000000                  0.0000000000                 -0.1537527330                  0.0000000000
      449                1616400.000000                  0.0000000000                  0.0000000000                 -0.1537527938                  0.0000000000
      450                1620000.000000                  0.0000000000                  0.0000000000                 -0.1537528531                  0.0000000000
      451                1623600.000000                  0.0000000000                  0.0000000000                 -0.1537529111                  0.0000000000
      452                1627200.000000                  0.0000000000                  0.0000000000                 -0.1537529677                  0.0000000000
      453                1630800.000000                  0.0000000000                  0.0000000000                 -0.1537530229                  0.0000000000
      454                1634400.000000                  0.0000000000                  0.0000000000                 -0.1537530768                  0.0000000000
      455                1638000.000000                  0.0000000000                  0.0000000000                 -0.1537531294                  0.0000000000
      456                1641600.000000                  0.0000000000                  0.0000000000                 -0.1537531808                  0.0000000000
      457                1645200.000000                  0.0000000000                  0.0000000000                 -0.1537532309                  0.0000000000
      458                1648800.000000                  0.0000000000                  0.0000000000                 -0.1537532799                  0.0000000000
      459                1652400.000000                  0.0000000000                  0.0000000000                 -0.1537533276                  0.0000000000
      460                1656000.000000                  0.0000000000                  0.0000000000                 -0.1537533743                  0.0000000000
      461                1659600.000000                  0.0000000000                  0.0000000000                 -0.1537534198                  0.0000000000
      462                1663200.000000                  0.0000000000                  0.0000000000                 -0.1537534643                  0.0000000000
      463                1666800.000000                  0.0000000000                  0.0000000000                 -0.1537535077                  0.0000000000
      464                1670400.000000                  0.0000000000                  0.0000000000                 -0.1537535500                  0.0000000000
      465                1674000.000000                  0.0000000000                  0.0000000000                 -0.1537535914                  0.0000000000
      466                1677600.000000                  0.0000000000                  0.0000000000                 -0.1537536318                  0.0000000000
      467                1681200.000000                  0.0000000000                  0.0000000000                 -0.1537536712                  0.0000000000
      468                1684800.000000                  0.0000000000                  0.0000000000                 -0.1537537096                  0.0000000000
      469                1688400.000000                  0.0000000000                  0.0000000000                 -0.1537537472                  0.0000000000
      470                1692000.000000                  0.0000000000                  0.0000000000                 -0.1537537838                  0.0000000000
      471                1695600.000000                  0.0000000000                  0.0000000000                 -0.1537538196                  0.0000000000
      472                1699200.000000                  0.0000000000                  0.0000000000                 -0.1537538546                  0.0000000000
      473                1702800.000000                  0.0000000000                  0.0000000000                 -0.1537538887                  0.0000000000
      474                1706400.000000                  0.0000000000                  0.0000000000                 -0.1537539220                  0.0000000000
      475                1710000.000000                  0.0000000000                  0.0000000000                 -0.1537539545                  0.0000000000
      476                1713600.000000                  0.0000000000                  0.0000000000                 -0.1537539862                  0.0000000000
      477                1717200.000000                  0.0000000000                  0.0000000000                 -0.1537540172                  0.0000000000
      478                1720800.000000                  0.0000000000                  0.0000000000                 -0.1537540474                  0.0000000000
      479                1724400.000000                  0.0000000000                  0.0000000000                 -0.1537540769                  0.0000000000
      480                1728000.000000                  0.0000000000                  0.0000000000                 -0.1537541057                  0.0000000000
      481                1731600.000000                  0.0000000000                  0.0000000000                 -0.1537541338                  0.0000000000
      482                1735200.000000                  0.0000000000                  0.0000000000                 -0.1537541613                  0.0000000000
      483                1738800.000000                  0.0000000000                  0.0000000000                 -0.1537541881                  0.0000000000
      484                1742400.000000                  0.0000000000                  0.0000000000                 -0.1537542143                  0.0000000000
      485                1746000.000000                  0.0000000000                  0.0000000000                 -0.1537542398                  0.0000000000
      486                1749600.000000                  0.0000000000                  0.0000000000                 -0.1537542647                  0.0000000000
      487                1753200.000000                  0.0000000000                  0.0000000000                 -0.1537542891                  0.0000000000
      488                1756800.000000                  0.0000000000                  0.0000000000                 -0.1537543128                  0.0000000000
      489                1760400.000000                  0.0000000000                  0.0000000000                 -0.1537543360                  0.0000000000
      490                1764000.000000                  0.0000000000                  0.0000000000                 -0.1537543587                  0.0000000000
      491                1767600.000000                  0.0000000000                  0.0000000000                 -0.1537543808                  0.0000000000
      492                1771200.000000                  0.0000000000                  0.0000000000                 -0.1537544023                  0.0000000000
      493                1774800.000000                  0.0000000000                  0.0000000000                 -0.1537544234                  0.0000000000
      494                1778400.000000                  0.0000000000                  0.0000000000                 -0.1537544440                  0.0000000000
      495                1782000.000000                  0.0000000000                  0.0000000000                 -0.1537544640                  0.0000000000
      496                1785600.000000                  0.0000000000                  0.0000000000                 -0.1537544836                  0.0000000000
      497                1789200.000000                  0.0000000000                  0.0000000000                 -0.1537545028                  0.0000000000
      498                1792800.000000                  0.0000000000                  0.0000000000                 -0.1537545214                  0.0000000000
      499                1796400.000000                  0.0000000000                  0.0000000000                 -0.1537545397                  0.0000000000
      500                1800000.000000                  0.0000000000                  0.0000000000                 -0.1537545575                  0.0000000000
      501                1803600.000000                  0.0000000000                  0.0000000000                 -0.1537545748                  0.0000000000
      502                1807200.000000                  0.0000000000                  0.0000000000                 -0.1537545918                  0.0000000000
      503                1810800.000000                  0.0000000000                  0.0000000000                 -0.1537546083                  0.0000000000
      504                1814400.000000                  0.0000000000                  0.0000000000                 -0.1537546245                  0.0000000000
      505                1818000.000000                  0.0000000000                  0.0000000000                 -0.1537546403                  0.0000000000
      506                1821600.000000                  0.0000000000                  0.0000000000                 -0.1537546557                  0.0000000000
      507                1825200.000000                  0.0000000000                  0.0000000000                 -0.1537546707                  0.0000000000
      508                1828800.000000                  0.0000000000                  0.0000000000                 -0.1537546854                  0.0000000000
      509                1832400.000000                  0.0000000000                  0.0000000000                 -0.1537546997                  0.0000000000
      510                1836000.000000                  0.0000000000                  0.0000000000                 -0.1537547137                  0.0000000000
      511                1839600.000000                  0.0000000000                  0.0000000000                 -0.1537547273                  0.0000000000
      512                1843200.000000                  0.0000000000                  0.0000000000                 -0.1537547407                  0.0000000000
      513                1846800.000000                  0.0000000000                  0.0000000000                 -0.1537547537                  0.0000000000
      514                1850400.000000                  0.0000000000                  0.0000000000                 -0.1537547664                  0.0000000000
      515                1854000.000000                  0.0000000000                  0.0000000000                 -0.1537547788                  0.0000000000
      516                1857600.000000                  0.0000000000                  0.0000000000                 -0.1537547909                  0.0000000000
      517                1861200.000000                  0.0000000000                  0.0000000000                 -0.1537548027                  0.0000000000
      518                1864800.000000                  0.0000000000                  0.0000000000                 -0.1537548142                  0.0000000000
      519                1868400.000000                  0.0000000000                  0.0000000000                 -0.1537548255                  0.0000000000
      520                1872000.000000                  0.0000000000                  0.0000000000                 -0.1537548365                  0.0000000000
      521                1875600.000000                  0.0000000000                  0.0000000000                 -0.1537548472                  0.0000000000
      522                1879200.000000                  0.0000000000                  0.0000000000                 -0.1537548577                  0.0000000000
      523                1882800.000000                  0.0000000000                  0.0000000000                 -0.1537548679                  0.0000000000
      524                1886400.000000                  0.0000000000                  0.0000000000                 -0.1537548779                  0.0000000000
      525                1890000.000000                  0.0000000000                  0.0000000000                 -0.1537548876                  0.0000000000
      526                1893600.000000                  0.0000000000                  0.0000000000                 -0.1537548971                  0.0000000000
      527                1897200.000000                  0.0000000000                  0.0000000000                 -0.1537549064                  0.0000000000
      528                1900800.000000                  0.0000000000                  0.0000000000                 -0.1537549155                  0.0000000000
      529                1904400.000000                  0.0000000000                  0.0000000000                 -0.1537549243                  0.0000000000
      530                1908000.000000                  0.0000000000                  0.0000000000                 -0.1537549330                  0.0000000000
      531                1911600.000000                  0.0000000000                  0.0000000000                 -0.1537549414                  0.0000000000
      532                1915200.000000                  0.0000000000                  0.0000000000                 -0.1537549496                  0.0000000000
      533                1918800.000000                  0.0000000000                  0.0000000000                 -0.1537549576                  0.0000000000
      534                1922400.000000                  0.0000000000                  0.0000000000                 -0.1537549655                  0.0000000000
      535                1926000.000000                  0.0000000000                  0.0000000000                 -0.1537549731                  0.0000000000
      536                1929600.000000                  0.0000000000                  0.0000000000                 -0.1537549806                  0.0000000000
      537                1933200.000000                  0.0000000000                  0.0000000000                 -0.1537549879                  0.0000000000
      538                1936800.000000                  0.0000000000                  0.0000000000                 -0.1537549950                  0.0000000000
      539                1940400.000000                  0.0000000000                  0.0000000000                 -0.1537550020                  0.0000000000
      540                1944000.000000                  0.0000000000                  0.0000000000                 -0.1537550088                  0.0000000000
      541                1947600.000000                  0.0000000000                  0.0000000000                 -0.1537550154                  0.0000000000
      542                1951200.000000                  0.0000000000                  0.0000000000                 -0.1537550219                  0.0000000000
      543                1954800.000000                  0.0000000000                  0.0000000000                 -0.1537550282                  0.0000000000
      544                1958400.000000                  0.0000000000                  0.0000000000                 -0.1537550344                  0.0000000000
      545                1962000.000000                  0.0000000000                  0.0000000000                 -0.1537550404                  0.0000000000
      546                1965600.000000                  0.0000000000                  0.0000000000                 -0.1537550462                  0.0000000000
      547                1969200.000000                  0.0000000000                  0.0000000000                 -0.1537550520                  0.0000000000
      548                1972800.000000                  0.0000000000                  0.0000000000                 -0.1537550576                  0.0000000000
      549                1976400.000000                  0.0000000000                  0.0000000000                 -0.1537550630                  0.0000000000
      550                1980000.000000                  0.0000000000                  0.0000000000                 -0.1537550684                  0.0000000000
      551                1983600.000000                  0.0000000000                  0.0000000000                 -0.1537550736                  0.0000000000
      552                1987200.000000                  0.0000000000                  0.0000000000                 -0.1537550787                  0.0000000000
      553                1990800.000000                  0.0000000000                  0.0000000000                 -0.1537550836                  0.0000000000
      554                1994400.000000                  0.0000000000                  0.0000000000                 -0.1537550885                  0.0000000000
      555                1998000.000000                  0.0000000000                  0.0000000000                 -0.1537550932                  0.0000000000
      556                2001600.000000                  0.0000000000                  0.0000000000                 -0.1537550978                  0.0000000000
      557                2005200.000000                  0.0000000000                  0.0000000000                 -0.1537551023                  0.0000000000
      558                2008800.000000                  0.0000000000                  0.0000000000                 -0.1537551067                  0.0000000000
      559                2012400.000000                  0.0000000000                  0.0000000000                 -0.1537551110                  0.0000000000
      560                2016000.000000                  0.0000000000                  0.0000000000                 -0.1537551152                  0.0000000000
      561                2019600.000000                  0.0000000000                  0.0000000000                 -0.1537551193                  0.0000000000
      562                2023200.000000                  0.0000000000                  0.0000000000                 -0.1537551233                  0.0000000000
      563                2026800.000000                  0.0000000000                  0.0000000000                 -0.1537551272                  0.0000000000
      564                2030400.000000                  0.0000000000                  0.0000000000                 -0.1537551310                  0.0000000000
      565                2034000.000000                  0.0000000000                  0.0000000000                 -0.1537551347                  0.0000000000
      566                2037600.000000                  0.0000000000                  0.0000000000                 -0.1537551384                  0.0000000000
      567                2041200.000000                  0.0000000000                  0.0000000000                 -0.1537551419                  0.0000000000
      568                2044800.000000                  0.0000000000                  0.0000000000                 -0.1537551453                  0.0000000000
      569                2048400.000000                  0.0000000000                  0.0000000000                 -0.1537551487                  0.0000000000
      570                2052000.000000                  0.0000000000                  0.0000000000                 -0.1537551520                  0.0000000000
      571                2055600.000000                  0.0000000000                  0.0000000000                 -0.1537551552                  0.0000000000
      572                2059200.000000                  0.0000000000                  0.0000000000                 -0.1537551584                  0.0000000000
      573                2062800.000000                  0.0000000000                  0.0000000000                 -0.1537551614                  0.0000000000
      574                2066400.000000                  0.0000000000                  0.0000000000                 -0.1537551644                  0.0000000000
      575                2070000.000000                  0.0000000000                  0.0000000000                 -0.1537551674                  0.0000000000
      576                2073600.000000                  0.0000000000                  0.0000000000                 -0.1537551702                  0.0000000000
      577                2077200.000000                  0.0000000000                  0.0000000000                 -0.1537551730                  0.0000000000
      578                2080800.000000                  0.0000000000                  0.0000000000                 -0.1537551757                  0.0000000000
      579                2084400.000000                  0.0000000000                  0.0000000000                 -0.1537551784                  0.0000000000
      580                2088000.000000                  0.0000000000                  0.0000000000                 -0.1537551809                  0.0000000000
      581                2091600.000000                  0.0000000000                  0.0000000000                 -0.1537551835                  0.0000000000
      582                2095200.000000                  0.0000000000                  0.0000000000                 -0.1537551859                  0.0000000000
      583                2098800.000000                  0.0000000000                  0.0000000000                 -0.1537551883                  0.0000000000
      584                2102400.000000                  0.0000000000                  0.0000000000                 -0.1537551907                  0.0000000000
      585                2106000.000000                  0.0000000000                  0.0000000000                 -0.1537551930                  0.0000000000
      586                2109600.000000                  0.0000000000                  0.0000000000                 -0.1537551952                  0.0000000000
      587                2113200.000000                  0.0000000000                  0.0000000000                 -0.1537551974                  0.0000000000
      588                2116800.000000                  0.0000000000                  0.0000000000                 -0.1537551996                  0.0000000000
      589                2120400.000000                  0.0000000000                  0.0000000000                 -0.1537552016                  0.0000000000
      590                2124000.000000                  0.0000000000                  0.0000000000                 -0.1537552037                  0.0000000000
      591                2127600.000000                  0.0000000000                  0.0000000000                 -0.1537552057                  0.0000000000
      592                2131200.000000                  0.0000000000                  0.0000000000                 -0.1537552076                  0.0000000000
      593                2134800.000000                  0.0000000000                  0.0000000000                 -0.1537552095                  0.0000000000
      594                2138400.000000                  0.0000000000                  0.0000000000                 -0.1537552113                  0.0000000000
      595                2142000.000000                  0.0000000000                  0.0000000000                 -0.1537552131                  0.0000000000
      596                2145600.000000                  0.0000000000                  0.0000000000                 -0.1537552149                  0.0000000000
      597                2149200.000000                  0.0000000000                  0.0000000000                 -0.1537552166                  0.0000000000
      598                2152800.000000                  0.0000000000                  0.0000000000                 -0.1537552183                  0.0000000000
      599                2156400.000000                  0.0000000000                  0.0000000000                 -0.1537552199                  0.0000000000
      600                2160000.000000                  0.0000000000                  0.0000000000                 -0.1537552215                  0.0000000000
