# Variacao DeslocAndPress no tempo no ponto     1271
        0                      0.000000                  0.0000000000                  0.0000000000                  0.0000000000                  0.0000000000
        1                   3600.000000                 -0.0001130133                  0.0000013608                 -0.0159678102                  0.0000000000
        2                   7200.000000                 -0.0001004115                  0.0000011764                 -0.0232980160                  0.0000000000
        3                  10800.000000                 -0.0000872758                  0.0000010154                 -0.0289383260                  0.0000000000
        4                  14400.000000                 -0.0000751098                  0.0000008746                 -0.0336678991                  0.0000000000
        5                  18000.000000                 -0.0000644710                  0.0000007431                 -0.0378168535                  0.0000000000
        6                  21600.000000                 -0.0000554150                  0.0000006210                 -0.0415560747                  0.0000000000
        7                  25200.000000                 -0.0000477908                  0.0000005100                 -0.0449866164                  0.0000000000
        8                  28800.000000                 -0.0000413892                  0.0000004111                 -0.0481738689                  0.0000000000
        9                  32400.000000                 -0.0000360054                  0.0000003241                 -0.0511629216                  0.0000000000
       10                  36000.000000                 -0.0000314599                  0.0000002485                 -0.0539863491                  0.0000000000
       11                  39600.000000                 -0.0000276028                  0.0000001833                 -0.0566685288                  0.0000000000
       12                  43200.000000                 -0.0000243120                  0.0000001274                 -0.0592282071                  0.0000000000
       13                  46800.000000                 -0.0000214884                  0.0000000797                 -0.0616801137                  0.0000000000
       14                  50400.000000                 -0.0000190525                  0.0000000392                 -0.0640360242                  0.0000000000
       15                  54000.000000                 -0.0000169399                  0.0000000051                 -0.0663054874                  0.0000000000
       16                  57600.000000                 -0.0000150987                 -0.0000000235                 -0.0684963407                  0.0000000000
       17                  61200.000000                 -0.0000134869                 -0.0000000474                 -0.0706150849                  0.0000000000
       18                  64800.000000                 -0.0000120700                 -0.0000000672                 -0.0726671637                  0.0000000000
       19                  68400.000000                 -0.0000108199                 -0.0000000835                 -0.0746571763                  0.0000000000
       20                  72000.000000                 -0.0000097136                 -0.0000000969                 -0.0765890417                  0.0000000000
       21                  75600.000000                 -0.0000087316                 -0.0000001078                 -0.0784661274                  0.0000000000
       22                  79200.000000                 -0.0000078578                 -0.0000001165                 -0.0802913512                  0.0000000000
       23                  82800.000000                 -0.0000070788                 -0.0000001235                 -0.0820672621                  0.0000000000
       24                  86400.000000                 -0.0000063830                 -0.0000001289                 -0.0837961060                  0.0000000000
       25                  90000.000000                 -0.0000057605                 -0.0000001331                 -0.0854798778                  0.0000000000
       26                  93600.000000                 -0.0000052030                 -0.0000001362                 -0.0871203647                  0.0000000000
       27                  97200.000000                 -0.0000047031                 -0.0000001385                 -0.0887191801                  0.0000000000
       28                 100800.000000                 -0.0000042544                 -0.0000001400                 -0.0902777924                  0.0000000000
       29                 104400.000000                 -0.0000038514                 -0.0000001408                 -0.0917975481                  0.0000000000
       30                 108000.000000                 -0.0000034892                 -0.0000001412                 -0.0932796903                  0.0000000000
       31                 111600.000000                 -0.0000031635                 -0.0000001411                 -0.0947253745                  0.0000000000
       32                 115200.000000                 -0.0000028705                 -0.0000001407                 -0.0961356812                  0.0000000000
       33                 118800.000000                 -0.0000026067                 -0.0000001399                 -0.0975116264                  0.0000000000
       34                 122400.000000                 -0.0000023692                 -0.0000001389                 -0.0988541703                  0.0000000000
       35                 126000.000000                 -0.0000021553                 -0.0000001377                 -0.1001642243                  0.0000000000
       36                 129600.000000                 -0.0000019625                 -0.0000001363                 -0.1014426569                  0.0000000000
       37                 133200.000000                 -0.0000017888                 -0.0000001347                 -0.1026902986                  0.0000000000
       38                 136800.000000                 -0.0000016321                 -0.0000001330                 -0.1039079460                  0.0000000000
       39                 140400.000000                 -0.0000014909                 -0.0000001312                 -0.1050963652                  0.0000000000
       40                 144000.000000                 -0.0000013634                 -0.0000001294                 -0.1062562945                  0.0000000000
       41                 147600.000000                 -0.0000012484                 -0.0000001274                 -0.1073884471                  0.0000000000
       42                 151200.000000                 -0.0000011445                 -0.0000001254                 -0.1084935127                  0.0000000000
       43                 154800.000000                 -0.0000010507                 -0.0000001234                 -0.1095721594                  0.0000000000
       44                 158400.000000                 -0.0000009659                 -0.0000001213                 -0.1106250354                  0.0000000000
       45                 162000.000000                 -0.0000008892                 -0.0000001192                 -0.1116527697                  0.0000000000
       46                 165600.000000                 -0.0000008199                 -0.0000001171                 -0.1126559737                  0.0000000000
       47                 169200.000000                 -0.0000007571                 -0.0000001150                 -0.1136352419                  0.0000000000
       48                 172800.000000                 -0.0000007003                 -0.0000001128                 -0.1145911528                  0.0000000000
       49                 176400.000000                 -0.0000006488                 -0.0000001107                 -0.1155242695                  0.0000000000
       50                 180000.000000                 -0.0000006021                 -0.0000001086                 -0.1164351404                  0.0000000000
       51                 183600.000000                 -0.0000005597                 -0.0000001065                 -0.1173242999                  0.0000000000
       52                 187200.000000                 -0.0000005213                 -0.0000001043                 -0.1181922687                  0.0000000000
       53                 190800.000000                 -0.0000004863                 -0.0000001023                 -0.1190395547                  0.0000000000
       54                 194400.000000                 -0.0000004544                 -0.0000001002                 -0.1198666528                  0.0000000000
       55                 198000.000000                 -0.0000004254                 -0.0000000981                 -0.1206740458                  0.0000000000
       56                 201600.000000                 -0.0000003990                 -0.0000000961                 -0.1214622048                  0.0000000000
       57                 205200.000000                 -0.0000003749                 -0.0000000941                 -0.1222315890                  0.0000000000
       58                 208800.000000                 -0.0000003528                 -0.0000000921                 -0.1229826467                  0.0000000000
       59                 212400.000000                 -0.0000003327                 -0.0000000901                 -0.1237158152                  0.0000000000
       60                 216000.000000                 -0.0000003142                 -0.0000000882                 -0.1244315213                  0.0000000000
       61                 219600.000000                 -0.0000002972                 -0.0000000863                 -0.1251301814                  0.0000000000
       62                 223200.000000                 -0.0000002817                 -0.0000000844                 -0.1258122020                  0.0000000000
       63                 226800.000000                 -0.0000002673                 -0.0000000825                 -0.1264779796                  0.0000000000
       64                 230400.000000                 -0.0000002542                 -0.0000000807                 -0.1271279016                  0.0000000000
       65                 234000.000000                 -0.0000002420                 -0.0000000789                 -0.1277623456                  0.0000000000
       66                 237600.000000                 -0.0000002307                 -0.0000000772                 -0.1283816805                  0.0000000000
       67                 241200.000000                 -0.0000002203                 -0.0000000754                 -0.1289862662                  0.0000000000
       68                 244800.000000                 -0.0000002106                 -0.0000000737                 -0.1295764542                  0.0000000000
       69                 248400.000000                 -0.0000002017                 -0.0000000721                 -0.1301525875                  0.0000000000
       70                 252000.000000                 -0.0000001933                 -0.0000000704                 -0.1307150007                  0.0000000000
       71                 255600.000000                 -0.0000001855                 -0.0000000688                 -0.1312640208                  0.0000000000
       72                 259200.000000                 -0.0000001782                 -0.0000000673                 -0.1317999666                  0.0000000000
       73                 262800.000000                 -0.0000001714                 -0.0000000657                 -0.1323231497                  0.0000000000
       74                 266400.000000                 -0.0000001651                 -0.0000000642                 -0.1328338740                  0.0000000000
       75                 270000.000000                 -0.0000001591                 -0.0000000627                 -0.1333324361                  0.0000000000
       76                 273600.000000                 -0.0000001534                 -0.0000000613                 -0.1338191258                  0.0000000000
       77                 277200.000000                 -0.0000001481                 -0.0000000599                 -0.1342942257                  0.0000000000
       78                 280800.000000                 -0.0000001431                 -0.0000000585                 -0.1347580120                  0.0000000000
       79                 284400.000000                 -0.0000001384                 -0.0000000571                 -0.1352107540                  0.0000000000
       80                 288000.000000                 -0.0000001339                 -0.0000000558                 -0.1356527147                  0.0000000000
       81                 291600.000000                 -0.0000001296                 -0.0000000545                 -0.1360841509                  0.0000000000
       82                 295200.000000                 -0.0000001256                 -0.0000000532                 -0.1365053132                  0.0000000000
       83                 298800.000000                 -0.0000001217                 -0.0000000520                 -0.1369164463                  0.0000000000
       84                 302400.000000                 -0.0000001181                 -0.0000000508                 -0.1373177889                  0.0000000000
       85                 306000.000000                 -0.0000001145                 -0.0000000496                 -0.1377095744                  0.0000000000
       86                 309600.000000                 -0.0000001112                 -0.0000000484                 -0.1380920302                  0.0000000000
       87                 313200.000000                 -0.0000001080                 -0.0000000473                 -0.1384653785                  0.0000000000
       88                 316800.000000                 -0.0000001049                 -0.0000000462                 -0.1388298362                  0.0000000000
       89                 320400.000000                 -0.0000001020                 -0.0000000451                 -0.1391856150                  0.0000000000
       90                 324000.000000                 -0.0000000991                 -0.0000000440                 -0.1395329216                  0.0000000000
       91                 327600.000000                 -0.0000000964                 -0.0000000430                 -0.1398719577                  0.0000000000
       92                 331200.000000                 -0.0000000938                 -0.0000000420                 -0.1402029204                  0.0000000000
       93                 334800.000000                 -0.0000000913                 -0.0000000410                 -0.1405260017                  0.0000000000
       94                 338400.000000                 -0.0000000889                 -0.0000000400                 -0.1408413895                  0.0000000000
       95                 342000.000000                 -0.0000000865                 -0.0000000391                 -0.1411492669                  0.0000000000
       96                 345600.000000                 -0.0000000842                 -0.0000000382                 -0.1414498128                  0.0000000000
       97                 349200.000000                 -0.0000000820                 -0.0000000373                 -0.1417432017                  0.0000000000
       98                 352800.000000                 -0.0000000799                 -0.0000000364                 -0.1420296041                  0.0000000000
       99                 356400.000000                 -0.0000000779                 -0.0000000355                 -0.1423091864                  0.0000000000
      100                 360000.000000                 -0.0000000759                 -0.0000000347                 -0.1425821110                  0.0000000000
      101                 363600.000000                 -0.0000000740                 -0.0000000338                 -0.1428485364                  0.0000000000
      102                 367200.000000                 -0.0000000721                 -0.0000000330                 -0.1431086173                  0.0000000000
      103                 370800.000000                 -0.0000000703                 -0.0000000323                 -0.1433625049                  0.0000000000
      104                 374400.000000                 -0.0000000685                 -0.0000000315                 -0.1436103467                  0.0000000000
      105                 378000.000000                 -0.0000000668                 -0.0000000308                 -0.1438522865                  0.0000000000
      106                 381600.000000                 -0.0000000651                 -0.0000000300                 -0.1440884650                  0.0000000000
      107                 385200.000000                 -0.0000000635                 -0.0000000293                 -0.1443190194                  0.0000000000
      108                 388800.000000                 -0.0000000620                 -0.0000000286                 -0.1445440836                  0.0000000000
      109                 392400.000000                 -0.0000000604                 -0.0000000279                 -0.1447637882                  0.0000000000
      110                 396000.000000                 -0.0000000589                 -0.0000000273                 -0.1449782610                  0.0000000000
      111                 399600.000000                 -0.0000000575                 -0.0000000266                 -0.1451876266                  0.0000000000
      112                 403200.000000                 -0.0000000561                 -0.0000000260                 -0.1453920065                  0.0000000000
      113                 406800.000000                 -0.0000000547                 -0.0000000254                 -0.1455915194                  0.0000000000
      114                 410400.000000                 -0.0000000534                 -0.0000000248                 -0.1457862814                  0.0000000000
      115                 414000.000000                 -0.0000000521                 -0.0000000242                 -0.1459764054                  0.0000000000
      116                 417600.000000                 -0.0000000508                 -0.0000000236                 -0.1461620020                  0.0000000000
      117                 421200.000000                 -0.0000000496                 -0.0000000230                 -0.1463431790                  0.0000000000
      118                 424800.000000                 -0.0000000484                 -0.0000000225                 -0.1465200415                  0.0000000000
      119                 428400.000000                 -0.0000000472                 -0.0000000220                 -0.1466926925                  0.0000000000
      120                 432000.000000                 -0.0000000461                 -0.0000000214                 -0.1468612320                  0.0000000000
      121                 435600.000000                 -0.0000000450                 -0.0000000209                 -0.1470257581                  0.0000000000
      122                 439200.000000                 -0.0000000439                 -0.0000000204                 -0.1471863664                  0.0000000000
      123                 442800.000000                 -0.0000000428                 -0.0000000199                 -0.1473431500                  0.0000000000
      124                 446400.000000                 -0.0000000418                 -0.0000000195                 -0.1474962001                  0.0000000000
      125                 450000.000000                 -0.0000000408                 -0.0000000190                 -0.1476456057                  0.0000000000
      126                 453600.000000                 -0.0000000398                 -0.0000000186                 -0.1477914534                  0.0000000000
      127                 457200.000000                 -0.0000000389                 -0.0000000181                 -0.1479338280                  0.0000000000
      128                 460800.000000                 -0.0000000379                 -0.0000000177                 -0.1480728123                  0.0000000000
      129                 464400.000000                 -0.0000000370                 -0.0000000173                 -0.1482084869                  0.0000000000
      130                 468000.000000                 -0.0000000361                 -0.0000000169                 -0.1483409306                  0.0000000000
      131                 471600.000000                 -0.0000000353                 -0.0000000165                 -0.1484702205                  0.0000000000
      132                 475200.000000                 -0.0000000344                 -0.0000000161                 -0.1485964315                  0.0000000000
      133                 478800.000000                 -0.0000000336                 -0.0000000157                 -0.1487196371                  0.0000000000
      134                 482400.000000                 -0.0000000328                 -0.0000000153                 -0.1488399088                  0.0000000000
      135                 486000.000000                 -0.0000000320                 -0.0000000149                 -0.1489573164                  0.0000000000
      136                 489600.000000                 -0.0000000313                 -0.0000000146                 -0.1490719282                  0.0000000000
      137                 493200.000000                 -0.0000000305                 -0.0000000142                 -0.1491838107                  0.0000000000
      138                 496800.000000                 -0.0000000298                 -0.0000000139                 -0.1492930290                  0.0000000000
      139                 500400.000000                 -0.0000000291                 -0.0000000136                 -0.1493996464                  0.0000000000
      140                 504000.000000                 -0.0000000284                 -0.0000000132                 -0.1495037249                  0.0000000000
      141                 507600.000000                 -0.0000000277                 -0.0000000129                 -0.1496053250                  0.0000000000
      142                 511200.000000                 -0.0000000270                 -0.0000000126                 -0.1497045057                  0.0000000000
      143                 514800.000000                 -0.0000000264                 -0.0000000123                 -0.1498013245                  0.0000000000
      144                 518400.000000                 -0.0000000258                 -0.0000000120                 -0.1498958378                  0.0000000000
      145                 522000.000000                 -0.0000000252                 -0.0000000117                 -0.1499881005                  0.0000000000
      146                 525600.000000                 -0.0000000246                 -0.0000000115                 -0.1500781661                  0.0000000000
      147                 529200.000000                 -0.0000000240                 -0.0000000112                 -0.1501660869                  0.0000000000
      148                 532800.000000                 -0.0000000234                 -0.0000000109                 -0.1502519141                  0.0000000000
      149                 536400.000000                 -0.0000000228                 -0.0000000107                 -0.1503356975                  0.0000000000
      150                 540000.000000                 -0.0000000223                 -0.0000000104                 -0.1504174857                  0.0000000000
      151                 543600.000000                 -0.0000000218                 -0.0000000102                 -0.1504973263                  0.0000000000
      152                 547200.000000                 -0.0000000212                 -0.0000000099                 -0.1505752656                  0.0000000000
      153                 550800.000000                 -0.0000000207                 -0.0000000097                 -0.1506513489                  0.0000000000
      154                 554400.000000                 -0.0000000202                 -0.0000000095                 -0.1507256205                  0.0000000000
      155                 558000.000000                 -0.0000000198                 -0.0000000092                 -0.1507981234                  0.0000000000
      156                 561600.000000                 -0.0000000193                 -0.0000000090                 -0.1508688999                  0.0000000000
      157                 565200.000000                 -0.0000000188                 -0.0000000088                 -0.1509379909                  0.0000000000
      158                 568800.000000                 -0.0000000184                 -0.0000000086                 -0.1510054366                  0.0000000000
      159                 572400.000000                 -0.0000000179                 -0.0000000084                 -0.1510712762                  0.0000000000
      160                 576000.000000                 -0.0000000175                 -0.0000000082                 -0.1511355480                  0.0000000000
      161                 579600.000000                 -0.0000000171                 -0.0000000080                 -0.1511982893                  0.0000000000
      162                 583200.000000                 -0.0000000167                 -0.0000000078                 -0.1512595365                  0.0000000000
      163                 586800.000000                 -0.0000000163                 -0.0000000076                 -0.1513193252                  0.0000000000
      164                 590400.000000                 -0.0000000159                 -0.0000000074                 -0.1513776902                  0.0000000000
      165                 594000.000000                 -0.0000000155                 -0.0000000073                 -0.1514346653                  0.0000000000
      166                 597600.000000                 -0.0000000152                 -0.0000000071                 -0.1514902836                  0.0000000000
      167                 601200.000000                 -0.0000000148                 -0.0000000069                 -0.1515445776                  0.0000000000
      168                 604800.000000                 -0.0000000144                 -0.0000000067                 -0.1515975786                  0.0000000000
      169                 608400.000000                 -0.0000000141                 -0.0000000066                 -0.1516493174                  0.0000000000
      170                 612000.000000                 -0.0000000138                 -0.0000000064                 -0.1516998243                  0.0000000000
      171                 615600.000000                 -0.0000000134                 -0.0000000063                 -0.1517491283                  0.0000000000
      172                 619200.000000                 -0.0000000131                 -0.0000000061                 -0.1517972584                  0.0000000000
      173                 622800.000000                 -0.0000000128                 -0.0000000060                 -0.1518442422                  0.0000000000
      174                 626400.000000                 -0.0000000125                 -0.0000000058                 -0.1518901073                  0.0000000000
      175                 630000.000000                 -0.0000000122                 -0.0000000057                 -0.1519348801                  0.0000000000
      176                 633600.000000                 -0.0000000119                 -0.0000000056                 -0.1519785868                  0.0000000000
      177                 637200.000000                 -0.0000000116                 -0.0000000054                 -0.1520212527                  0.0000000000
      178                 640800.000000                 -0.0000000113                 -0.0000000053                 -0.1520629026                  0.0000000000
      179                 644400.000000                 -0.0000000111                 -0.0000000052                 -0.1521035606                  0.0000000000
      180                 648000.000000                 -0.0000000108                 -0.0000000051                 -0.1521432505                  0.0000000000
      181                 651600.000000                 -0.0000000106                 -0.0000000049                 -0.1521819952                  0.0000000000
      182                 655200.000000                 -0.0000000103                 -0.0000000048                 -0.1522198173                  0.0000000000
      183                 658800.000000                 -0.0000000101                 -0.0000000047                 -0.1522567388                  0.0000000000
      184                 662400.000000                 -0.0000000098                 -0.0000000046                 -0.1522927810                  0.0000000000
      185                 666000.000000                 -0.0000000096                 -0.0000000045                 -0.1523279649                  0.0000000000
      186                 669600.000000                 -0.0000000094                 -0.0000000044                 -0.1523623110                  0.0000000000
      187                 673200.000000                 -0.0000000091                 -0.0000000043                 -0.1523958392                  0.0000000000
      188                 676800.000000                 -0.0000000089                 -0.0000000042                 -0.1524285690                  0.0000000000
      189                 680400.000000                 -0.0000000087                 -0.0000000041                 -0.1524605194                  0.0000000000
      190                 684000.000000                 -0.0000000085                 -0.0000000040                 -0.1524917090                  0.0000000000
      191                 687600.000000                 -0.0000000083                 -0.0000000039                 -0.1525221558                  0.0000000000
      192                 691200.000000                 -0.0000000081                 -0.0000000038                 -0.1525518776                  0.0000000000
      193                 694800.000000                 -0.0000000079                 -0.0000000037                 -0.1525808917                  0.0000000000
      194                 698400.000000                 -0.0000000077                 -0.0000000036                 -0.1526092148                  0.0000000000
      195                 702000.000000                 -0.0000000075                 -0.0000000035                 -0.1526368634                  0.0000000000
      196                 705600.000000                 -0.0000000074                 -0.0000000034                 -0.1526638537                  0.0000000000
      197                 709200.000000                 -0.0000000072                 -0.0000000034                 -0.1526902012                  0.0000000000
      198                 712800.000000                 -0.0000000070                 -0.0000000033                 -0.1527159214                  0.0000000000
      199                 716400.000000                 -0.0000000068                 -0.0000000032                 -0.1527410290                  0.0000000000
      200                 720000.000000                 -0.0000000067                 -0.0000000031                 -0.1527655387                  0.0000000000
      201                 723600.000000                 -0.0000000065                 -0.0000000030                 -0.1527894648                  0.0000000000
      202                 727200.000000                 -0.0000000064                 -0.0000000030                 -0.1528128212                  0.0000000000
      203                 730800.000000                 -0.0000000062                 -0.0000000029                 -0.1528356213                  0.0000000000
      204                 734400.000000                 -0.0000000061                 -0.0000000028                 -0.1528578785                  0.0000000000
      205                 738000.000000                 -0.0000000059                 -0.0000000028                 -0.1528796057                  0.0000000000
      206                 741600.000000                 -0.0000000058                 -0.0000000027                 -0.1529008155                  0.0000000000
      207                 745200.000000                 -0.0000000056                 -0.0000000026                 -0.1529215203                  0.0000000000
      208                 748800.000000                 -0.0000000055                 -0.0000000026                 -0.1529417320                  0.0000000000
      209                 752400.000000                 -0.0000000054                 -0.0000000025                 -0.1529614624                  0.0000000000
      210                 756000.000000                 -0.0000000052                 -0.0000000025                 -0.1529807229                  0.0000000000
      211                 759600.000000                 -0.0000000051                 -0.0000000024                 -0.1529995248                  0.0000000000
      212                 763200.000000                 -0.0000000050                 -0.0000000023                 -0.1530178789                  0.0000000000
      213                 766800.000000                 -0.0000000049                 -0.0000000023                 -0.1530357960                  0.0000000000
      214                 770400.000000                 -0.0000000048                 -0.0000000022                 -0.1530532865                  0.0000000000
      215                 774000.000000                 -0.0000000047                 -0.0000000022                 -0.1530703604                  0.0000000000
      216                 777600.000000                 -0.0000000045                 -0.0000000021                 -0.1530870277                  0.0000000000
      217                 781200.000000                 -0.0000000044                 -0.0000000021                 -0.1531032982                  0.0000000000
      218                 784800.000000                 -0.0000000043                 -0.0000000020                 -0.1531191811                  0.0000000000
      219                 788400.000000                 -0.0000000042                 -0.0000000020                 -0.1531346859                  0.0000000000
      220                 792000.000000                 -0.0000000041                 -0.0000000019                 -0.1531498215                  0.0000000000
      221                 795600.000000                 -0.0000000040                 -0.0000000019                 -0.1531645966                  0.0000000000
      222                 799200.000000                 -0.0000000039                 -0.0000000018                 -0.1531790199                  0.0000000000
      223                 802800.000000                 -0.0000000038                 -0.0000000018                 -0.1531930997                  0.0000000000
      224                 806400.000000                 -0.0000000037                 -0.0000000017                 -0.1532068442                  0.0000000000
      225                 810000.000000                 -0.0000000037                 -0.0000000017                 -0.1532202614                  0.0000000000
      226                 813600.000000                 -0.0000000036                 -0.0000000017                 -0.1532333592                  0.0000000000
      227                 817200.000000                 -0.0000000035                 -0.0000000016                 -0.1532461450                  0.0000000000
      228                 820800.000000                 -0.0000000034                 -0.0000000016                 -0.1532586264                  0.0000000000
      229                 824400.000000                 -0.0000000033                 -0.0000000016                 -0.1532708105                  0.0000000000
      230                 828000.000000                 -0.0000000032                 -0.0000000015                 -0.1532827045                  0.0000000000
      231                 831600.000000                 -0.0000000032                 -0.0000000015                 -0.1532943153                  0.0000000000
      232                 835200.000000                 -0.0000000031                 -0.0000000014                 -0.1533056495                  0.0000000000
      233                 838800.000000                 -0.0000000030                 -0.0000000014                 -0.1533167139                  0.0000000000
      234                 842400.000000                 -0.0000000029                 -0.0000000014                 -0.1533275148                  0.0000000000
      235                 846000.000000                 -0.0000000029                 -0.0000000013                 -0.1533380585                  0.0000000000
      236                 849600.000000                 -0.0000000028                 -0.0000000013                 -0.1533483511                  0.0000000000
      237                 853200.000000                 -0.0000000027                 -0.0000000013                 -0.1533583986                  0.0000000000
      238                 856800.000000                 -0.0000000027                 -0.0000000012                 -0.1533682068                  0.0000000000
      239                 860400.000000                 -0.0000000026                 -0.0000000012                 -0.1533777815                  0.0000000000
      240                 864000.000000                 -0.0000000025                 -0.0000000012                 -0.1533871282                  0.0000000000
      241                 867600.000000                 -0.0000000025                 -0.0000000012                 -0.1533962523                  0.0000000000
      242                 871200.000000                 -0.0000000024                 -0.0000000011                 -0.1534051592                  0.0000000000
      243                 874800.000000                 -0.0000000024                 -0.0000000011                 -0.1534138539                  0.0000000000
      244                 878400.000000                 -0.0000000023                 -0.0000000011                 -0.1534223416                  0.0000000000
      245                 882000.000000                 -0.0000000023                 -0.0000000011                 -0.1534306271                  0.0000000000
      246                 885600.000000                 -0.0000000022                 -0.0000000010                 -0.1534387154                  0.0000000000
      247                 889200.000000                 -0.0000000022                 -0.0000000010                 -0.1534466111                  0.0000000000
      248                 892800.000000                 -0.0000000021                 -0.0000000010                 -0.1534543187                  0.0000000000
      249                 896400.000000                 -0.0000000020                 -0.0000000010                 -0.1534618428                  0.0000000000
      250                 900000.000000                 -0.0000000020                 -0.0000000009                 -0.1534691877                  0.0000000000
      251                 903600.000000                 -0.0000000020                 -0.0000000009                 -0.1534763577                  0.0000000000
      252                 907200.000000                 -0.0000000019                 -0.0000000009                 -0.1534833570                  0.0000000000
      253                 910800.000000                 -0.0000000019                 -0.0000000009                 -0.1534901896                  0.0000000000
      254                 914400.000000                 -0.0000000018                 -0.0000000008                 -0.1534968595                  0.0000000000
      255                 918000.000000                 -0.0000000018                 -0.0000000008                 -0.1535033705                  0.0000000000
      256                 921600.000000                 -0.0000000017                 -0.0000000008                 -0.1535097266                  0.0000000000
      257                 925200.000000                 -0.0000000017                 -0.0000000008                 -0.1535159312                  0.0000000000
      258                 928800.000000                 -0.0000000017                 -0.0000000008                 -0.1535219881                  0.0000000000
      259                 932400.000000                 -0.0000000016                 -0.0000000008                 -0.1535279008                  0.0000000000
      260                 936000.000000                 -0.0000000016                 -0.0000000007                 -0.1535336727                  0.0000000000
      261                 939600.000000                 -0.0000000015                 -0.0000000007                 -0.1535393071                  0.0000000000
      262                 943200.000000                 -0.0000000015                 -0.0000000007                 -0.1535448073                  0.0000000000
      263                 946800.000000                 -0.0000000015                 -0.0000000007                 -0.1535501766                  0.0000000000
      264                 950400.000000                 -0.0000000014                 -0.0000000007                 -0.1535554180                  0.0000000000
      265                 954000.000000                 -0.0000000014                 -0.0000000007                 -0.1535605346                  0.0000000000
      266                 957600.000000                 -0.0000000014                 -0.0000000006                 -0.1535655294                  0.0000000000
      267                 961200.000000                 -0.0000000013                 -0.0000000006                 -0.1535704052                  0.0000000000
      268                 964800.000000                 -0.0000000013                 -0.0000000006                 -0.1535751649                  0.0000000000
      269                 968400.000000                 -0.0000000013                 -0.0000000006                 -0.1535798113                  0.0000000000
      270                 972000.000000                 -0.0000000012                 -0.0000000006                 -0.1535843470                  0.0000000000
      271                 975600.000000                 -0.0000000012                 -0.0000000006                 -0.1535887747                  0.0000000000
      272                 979200.000000                 -0.0000000012                 -0.0000000005                 -0.1535930970                  0.0000000000
      273                 982800.000000                 -0.0000000011                 -0.0000000005                 -0.1535973163                  0.0000000000
      274                 986400.000000                 -0.0000000011                 -0.0000000005                 -0.1536014352                  0.0000000000
      275                 990000.000000                 -0.0000000011                 -0.0000000005                 -0.1536054560                  0.0000000000
      276                 993600.000000                 -0.0000000011                 -0.0000000005                 -0.1536093810                  0.0000000000
      277                 997200.000000                 -0.0000000010                 -0.0000000005                 -0.1536132126                  0.0000000000
      278                1000800.000000                 -0.0000000010                 -0.0000000005                 -0.1536169529                  0.0000000000
      279                1004400.000000                 -0.0000000010                 -0.0000000005                 -0.1536206042                  0.0000000000
      280                1008000.000000                 -0.0000000010                 -0.0000000005                 -0.1536241685                  0.0000000000
      281                1011600.000000                 -0.0000000009                 -0.0000000004                 -0.1536276479                  0.0000000000
      282                1015200.000000                 -0.0000000009                 -0.0000000004                 -0.1536310445                  0.0000000000
      283                1018800.000000                 -0.0000000009                 -0.0000000004                 -0.1536343602                  0.0000000000
      284                1022400.000000                 -0.0000000009                 -0.0000000004                 -0.1536375969                  0.0000000000
      285                1026000.000000                 -0.0000000009                 -0.0000000004                 -0.1536407566                  0.0000000000
      286                1029600.000000                 -0.0000000008                 -0.0000000004                 -0.1536438410                  0.0000000000
      287                1033200.000000                 -0.0000000008                 -0.0000000004                 -0.1536468520                  0.0000000000
      288                1036800.000000                 -0.0000000008                 -0.0000000004                 -0.1536497913                  0.0000000000
      289                1040400.000000                 -0.0000000008                 -0.0000000004                 -0.1536526606                  0.0000000000
      290                1044000.000000                 -0.0000000008                 -0.0000000004                 -0.1536554615                  0.0000000000
      291                1047600.000000                 -0.0000000007                 -0.0000000003                 -0.1536581958                  0.0000000000
      292                1051200.000000                 -0.0000000007                 -0.0000000003                 -0.1536608649                  0.0000000000
      293                1054800.000000                 -0.0000000007                 -0.0000000003                 -0.1536634705                  0.0000000000
      294                1058400.000000                 -0.0000000007                 -0.0000000003                 -0.1536660140                  0.0000000000
      295                1062000.000000                 -0.0000000007                 -0.0000000003                 -0.1536684970                  0.0000000000
      296                1065600.000000                 -0.0000000007                 -0.0000000003                 -0.1536709208                  0.0000000000
      297                1069200.000000                 -0.0000000006                 -0.0000000003                 -0.1536732869                  0.0000000000
      298                1072800.000000                 -0.0000000006                 -0.0000000003                 -0.1536755967                  0.0000000000
      299                1076400.000000                 -0.0000000006                 -0.0000000003                 -0.1536778515                  0.0000000000
      300                1080000.000000                 -0.0000000006                 -0.0000000003                 -0.1536800525                  0.0000000000
      301                1083600.000000                 -0.0000000006                 -0.0000000003                 -0.1536822012                  0.0000000000
      302                1087200.000000                 -0.0000000006                 -0.0000000003                 -0.1536842987                  0.0000000000
      303                1090800.000000                 -0.0000000006                 -0.0000000003                 -0.1536863463                  0.0000000000
      304                1094400.000000                 -0.0000000005                 -0.0000000003                 -0.1536883450                  0.0000000000
      305                1098000.000000                 -0.0000000005                 -0.0000000002                 -0.1536902962                  0.0000000000
      306                1101600.000000                 -0.0000000005                 -0.0000000002                 -0.1536922010                  0.0000000000
      307                1105200.000000                 -0.0000000005                 -0.0000000002                 -0.1536940603                  0.0000000000
      308                1108800.000000                 -0.0000000005                 -0.0000000002                 -0.1536958754                  0.0000000000
      309                1112400.000000                 -0.0000000005                 -0.0000000002                 -0.1536976473                  0.0000000000
      310                1116000.000000                 -0.0000000005                 -0.0000000002                 -0.1536993770                  0.0000000000
      311                1119600.000000                 -0.0000000005                 -0.0000000002                 -0.1537010655                  0.0000000000
      312                1123200.000000                 -0.0000000004                 -0.0000000002                 -0.1537027137                  0.0000000000
      313                1126800.000000                 -0.0000000004                 -0.0000000002                 -0.1537043228                  0.0000000000
      314                1130400.000000                 -0.0000000004                 -0.0000000002                 -0.1537058935                  0.0000000000
      315                1134000.000000                 -0.0000000004                 -0.0000000002                 -0.1537074268                  0.0000000000
      316                1137600.000000                 -0.0000000004                 -0.0000000002                 -0.1537089236                  0.0000000000
      317                1141200.000000                 -0.0000000004                 -0.0000000002                 -0.1537103847                  0.0000000000
      318                1144800.000000                 -0.0000000004                 -0.0000000002                 -0.1537118111                  0.0000000000
      319                1148400.000000                 -0.0000000004                 -0.0000000002                 -0.1537132035                  0.0000000000
      320                1152000.000000                 -0.0000000004                 -0.0000000002                 -0.1537145627                  0.0000000000
      321                1155600.000000                 -0.0000000004                 -0.0000000002                 -0.1537158896                  0.0000000000
      322                1159200.000000                 -0.0000000004                 -0.0000000002                 -0.1537171849                  0.0000000000
      323                1162800.000000                 -0.0000000003                 -0.0000000002                 -0.1537184493                  0.0000000000
      324                1166400.000000                 -0.0000000003                 -0.0000000002                 -0.1537196836                  0.0000000000
      325                1170000.000000                 -0.0000000003                 -0.0000000002                 -0.1537208885                  0.0000000000
      326                1173600.000000                 -0.0000000003                 -0.0000000001                 -0.1537220648                  0.0000000000
      327                1177200.000000                 -0.0000000003                 -0.0000000001                 -0.1537232130                  0.0000000000
      328                1180800.000000                 -0.0000000003                 -0.0000000001                 -0.1537243338                  0.0000000000
      329                1184400.000000                 -0.0000000003                 -0.0000000001                 -0.1537254280                  0.0000000000
      330                1188000.000000                 -0.0000000003                 -0.0000000001                 -0.1537264962                  0.0000000000
      331                1191600.000000                 -0.0000000003                 -0.0000000001                 -0.1537275389                  0.0000000000
      332                1195200.000000                 -0.0000000003                 -0.0000000001                 -0.1537285567                  0.0000000000
      333                1198800.000000                 -0.0000000003                 -0.0000000001                 -0.1537295503                  0.0000000000
      334                1202400.000000                 -0.0000000003                 -0.0000000001                 -0.1537305203                  0.0000000000
      335                1206000.000000                 -0.0000000003                 -0.0000000001                 -0.1537314672                  0.0000000000
      336                1209600.000000                 -0.0000000003                 -0.0000000001                 -0.1537323915                  0.0000000000
      337                1213200.000000                 -0.0000000002                 -0.0000000001                 -0.1537332938                  0.0000000000
      338                1216800.000000                 -0.0000000002                 -0.0000000001                 -0.1537341746                  0.0000000000
      339                1220400.000000                 -0.0000000002                 -0.0000000001                 -0.1537350345                  0.0000000000
      340                1224000.000000                 -0.0000000002                 -0.0000000001                 -0.1537358738                  0.0000000000
      341                1227600.000000                 -0.0000000002                 -0.0000000001                 -0.1537366932                  0.0000000000
      342                1231200.000000                 -0.0000000002                 -0.0000000001                 -0.1537374931                  0.0000000000
      343                1234800.000000                 -0.0000000002                 -0.0000000001                 -0.1537382739                  0.0000000000
      344                1238400.000000                 -0.0000000002                 -0.0000000001                 -0.1537390361                  0.0000000000
      345                1242000.000000                 -0.0000000002                 -0.0000000001                 -0.1537397802                  0.0000000000
      346                1245600.000000                 -0.0000000002                 -0.0000000001                 -0.1537405066                  0.0000000000
      347                1249200.000000                 -0.0000000002                 -0.0000000001                 -0.1537412156                  0.0000000000
      348                1252800.000000                 -0.0000000002                 -0.0000000001                 -0.1537419078                  0.0000000000
      349                1256400.000000                 -0.0000000002                 -0.0000000001                 -0.1537425835                  0.0000000000
      350                1260000.000000                 -0.0000000002                 -0.0000000001                 -0.1537432431                  0.0000000000
      351                1263600.000000                 -0.0000000002                 -0.0000000001                 -0.1537438870                  0.0000000000
      352                1267200.000000                 -0.0000000002                 -0.0000000001                 -0.1537445156                  0.0000000000
      353                1270800.000000                 -0.0000000002                 -0.0000000001                 -0.1537451292                  0.0000000000
      354                1274400.000000                 -0.0000000002                 -0.0000000001                 -0.1537457282                  0.0000000000
      355                1278000.000000                 -0.0000000002                 -0.0000000001                 -0.1537463129                  0.0000000000
      356                1281600.000000                 -0.0000000002                 -0.0000000001                 -0.1537468837                  0.0000000000
      357                1285200.000000                 -0.0000000002                 -0.0000000001                 -0.1537474409                  0.0000000000
      358                1288800.000000                 -0.0000000001                 -0.0000000001                 -0.1537479848                  0.0000000000
      359                1292400.000000                 -0.0000000001                 -0.0000000001                 -0.1537485158                  0.0000000000
      360                1296000.000000                 -0.0000000001                 -0.0000000001                 -0.1537490341                  0.0000000000
      361                1299600.000000                 -0.0000000001                 -0.0000000001                 -0.1537495401                  0.0000000000
      362                1303200.000000                 -0.0000000001                 -0.0000000001                 -0.1537500341                  0.0000000000
      363                1306800.000000                 -0.0000000001                 -0.0000000001                 -0.1537505163                  0.0000000000
      364                1310400.000000                 -0.0000000001                 -0.0000000001                 -0.1537509870                  0.0000000000
      365                1314000.000000                 -0.0000000001                 -0.0000000001                 -0.1537514465                  0.0000000000
      366                1317600.000000                 -0.0000000001                 -0.0000000001                 -0.1537518950                  0.0000000000
      367                1321200.000000                 -0.0000000001                 -0.0000000001                 -0.1537523329                  0.0000000000
      368                1324800.000000                 -0.0000000001                 -0.0000000001                 -0.1537527603                  0.0000000000
      369                1328400.000000                 -0.0000000001                 -0.0000000001                 -0.1537531776                  0.0000000000
      370                1332000.000000                 -0.0000000001                 -0.0000000001                 -0.1537535849                  0.0000000000
      371                1335600.000000                 -0.0000000001                 -0.0000000001                 -0.1537539825                  0.0000000000
      372                1339200.000000                 -0.0000000001                 -0.0000000000                 -0.1537543707                  0.0000000000
      373                1342800.000000                 -0.0000000001                 -0.0000000000                 -0.1537547496                  0.0000000000
      374                1346400.000000                 -0.0000000001                 -0.0000000000                 -0.1537551195                  0.0000000000
      375                1350000.000000                 -0.0000000001                 -0.0000000000                 -0.1537554806                  0.0000000000
      376                1353600.000000                 -0.0000000001                 -0.0000000000                 -0.1537558331                  0.0000000000
      377                1357200.000000                 -0.0000000001                 -0.0000000000                 -0.1537561772                  0.0000000000
      378                1360800.000000                 -0.0000000001                 -0.0000000000                 -0.1537565131                  0.0000000000
      379                1364400.000000                 -0.0000000001                 -0.0000000000                 -0.1537568409                  0.0000000000
      380                1368000.000000                 -0.0000000001                 -0.0000000000                 -0.1537571610                  0.0000000000
      381                1371600.000000                 -0.0000000001                 -0.0000000000                 -0.1537574735                  0.0000000000
      382                1375200.000000                 -0.0000000001                 -0.0000000000                 -0.1537577785                  0.0000000000
      383                1378800.000000                 -0.0000000001                 -0.0000000000                 -0.1537580763                  0.0000000000
      384                1382400.000000                 -0.0000000001                 -0.0000000000                 -0.1537583670                  0.0000000000
      385                1386000.000000                 -0.0000000001                 -0.0000000000                 -0.1537586507                  0.0000000000
      386                1389600.000000                 -0.0000000001                 -0.0000000000                 -0.1537589277                  0.0000000000
      387                1393200.000000                 -0.0000000001                 -0.0000000000                 -0.1537591981                  0.0000000000
      388                1396800.000000                 -0.0000000001                 -0.0000000000                 -0.1537594621                  0.0000000000
      389                1400400.000000                 -0.0000000001                 -0.0000000000                 -0.1537597197                  0.0000000000
      390                1404000.000000                 -0.0000000001                 -0.0000000000                 -0.1537599713                  0.0000000000
      391                1407600.000000                 -0.0000000001                 -0.0000000000                 -0.1537602168                  0.0000000000
      392                1411200.000000                 -0.0000000001                 -0.0000000000                 -0.1537604565                  0.0000000000
      393                1414800.000000                 -0.0000000001                 -0.0000000000                 -0.1537606905                  0.0000000000
      394                1418400.000000                 -0.0000000001                 -0.0000000000                 -0.1537609189                  0.0000000000
      395                1422000.000000                 -0.0000000001                 -0.0000000000                 -0.1537611419                  0.0000000000
      396                1425600.000000                 -0.0000000001                 -0.0000000000                 -0.1537613596                  0.0000000000
      397                1429200.000000                 -0.0000000001                 -0.0000000000                 -0.1537615721                  0.0000000000
      398                1432800.000000                 -0.0000000001                 -0.0000000000                 -0.1537617795                  0.0000000000
      399                1436400.000000                 -0.0000000001                 -0.0000000000                 -0.1537619820                  0.0000000000
      400                1440000.000000                 -0.0000000001                 -0.0000000000                 -0.1537621797                  0.0000000000
      401                1443600.000000                 -0.0000000001                 -0.0000000000                 -0.1537623726                  0.0000000000
      402                1447200.000000                 -0.0000000001                 -0.0000000000                 -0.1537625610                  0.0000000000
      403                1450800.000000                 -0.0000000000                 -0.0000000000                 -0.1537627449                  0.0000000000
      404                1454400.000000                 -0.0000000000                 -0.0000000000                 -0.1537629244                  0.0000000000
      405                1458000.000000                 -0.0000000000                 -0.0000000000                 -0.1537630996                  0.0000000000
      406                1461600.000000                 -0.0000000000                 -0.0000000000                 -0.1537632706                  0.0000000000
      407                1465200.000000                 -0.0000000000                 -0.0000000000                 -0.1537634376                  0.0000000000
      408                1468800.000000                 -0.0000000000                 -0.0000000000                 -0.1537636006                  0.0000000000
      409                1472400.000000                 -0.0000000000                 -0.0000000000                 -0.1537637597                  0.0000000000
      410                1476000.000000                 -0.0000000000                 -0.0000000000                 -0.1537639151                  0.0000000000
      411                1479600.000000                 -0.0000000000                 -0.0000000000                 -0.1537640667                  0.0000000000
      412                1483200.000000                 -0.0000000000                 -0.0000000000                 -0.1537642147                  0.0000000000
      413                1486800.000000                 -0.0000000000                 -0.0000000000                 -0.1537643592                  0.0000000000
      414                1490400.000000                 -0.0000000000                 -0.0000000000                 -0.1537645003                  0.0000000000
      415                1494000.000000                 -0.0000000000                 -0.0000000000                 -0.1537646380                  0.0000000000
      416                1497600.000000                 -0.0000000000                 -0.0000000000                 -0.1537647724                  0.0000000000
      417                1501200.000000                 -0.0000000000                 -0.0000000000                 -0.1537649036                  0.0000000000
      418                1504800.000000                 -0.0000000000                 -0.0000000000                 -0.1537650317                  0.0000000000
      419                1508400.000000                 -0.0000000000                 -0.0000000000                 -0.1537651567                  0.0000000000
      420                1512000.000000                 -0.0000000000                 -0.0000000000                 -0.1537652788                  0.0000000000
      421                1515600.000000                 -0.0000000000                 -0.0000000000                 -0.1537653980                  0.0000000000
      422                1519200.000000                 -0.0000000000                 -0.0000000000                 -0.1537655143                  0.0000000000
      423                1522800.000000                 -0.0000000000                 -0.0000000000                 -0.1537656278                  0.0000000000
      424                1526400.000000                 -0.0000000000                 -0.0000000000                 -0.1537657387                  0.0000000000
      425                1530000.000000                 -0.0000000000                 -0.0000000000                 -0.1537658469                  0.0000000000
      426                1533600.000000                 -0.0000000000                 -0.0000000000                 -0.1537659525                  0.0000000000
      427                1537200.000000                 -0.0000000000                 -0.0000000000                 -0.1537660556                  0.0000000000
      428                1540800.000000                 -0.0000000000                 -0.0000000000                 -0.1537661563                  0.0000000000
      429                1544400.000000                 -0.0000000000                 -0.0000000000                 -0.1537662546                  0.0000000000
      430                1548000.000000                 -0.0000000000                 -0.0000000000                 -0.1537663505                  0.0000000000
      431                1551600.000000                 -0.0000000000                 -0.0000000000                 -0.1537664441                  0.0000000000
      432                1555200.000000                 -0.0000000000                 -0.0000000000                 -0.1537665355                  0.0000000000
      433                1558800.000000                 -0.0000000000                 -0.0000000000                 -0.1537666248                  0.0000000000
      434                1562400.000000                 -0.0000000000                 -0.0000000000                 -0.1537667119                  0.0000000000
      435                1566000.000000                 -0.0000000000                 -0.0000000000                 -0.1537667969                  0.0000000000
      436                1569600.000000                 -0.0000000000                 -0.0000000000                 -0.1537668799                  0.0000000000
      437                1573200.000000                 -0.0000000000                 -0.0000000000                 -0.1537669609                  0.0000000000
      438                1576800.000000                 -0.0000000000                 -0.0000000000                 -0.1537670400                  0.0000000000
      439                1580400.000000                 -0.0000000000                 -0.0000000000                 -0.1537671173                  0.0000000000
      440                1584000.000000                 -0.0000000000                 -0.0000000000                 -0.1537671926                  0.0000000000
      441                1587600.000000                 -0.0000000000                 -0.0000000000                 -0.1537672662                  0.0000000000
      442                1591200.000000                 -0.0000000000                 -0.0000000000                 -0.1537673381                  0.0000000000
      443                1594800.000000                 -0.0000000000                 -0.0000000000                 -0.1537674082                  0.0000000000
      444                1598400.000000                 -0.0000000000                 -0.0000000000                 -0.1537674766                  0.0000000000
      445                1602000.000000                 -0.0000000000                 -0.0000000000                 -0.1537675434                  0.0000000000
      446                1605600.000000                 -0.0000000000                 -0.0000000000                 -0.1537676087                  0.0000000000
      447                1609200.000000                 -0.0000000000                 -0.0000000000                 -0.1537676724                  0.0000000000
      448                1612800.000000                 -0.0000000000                 -0.0000000000                 -0.1537677345                  0.0000000000
      449                1616400.000000                 -0.0000000000                 -0.0000000000                 -0.1537677952                  0.0000000000
      450                1620000.000000                 -0.0000000000                 -0.0000000000                 -0.1537678544                  0.0000000000
      451                1623600.000000                 -0.0000000000                 -0.0000000000                 -0.1537679123                  0.0000000000
      452                1627200.000000                 -0.0000000000                 -0.0000000000                 -0.1537679687                  0.0000000000
      453                1630800.000000                 -0.0000000000                 -0.0000000000                 -0.1537680238                  0.0000000000
      454                1634400.000000                 -0.0000000000                 -0.0000000000                 -0.1537680776                  0.0000000000
      455                1638000.000000                 -0.0000000000                 -0.0000000000                 -0.1537681301                  0.0000000000
      456                1641600.000000                 -0.0000000000                 -0.0000000000                 -0.1537681814                  0.0000000000
      457                1645200.000000                 -0.0000000000                 -0.0000000000                 -0.1537682314                  0.0000000000
      458                1648800.000000                 -0.0000000000                 -0.0000000000                 -0.1537682803                  0.0000000000
      459                1652400.000000                 -0.0000000000                 -0.0000000000                 -0.1537683279                  0.0000000000
      460                1656000.000000                 -0.0000000000                 -0.0000000000                 -0.1537683745                  0.0000000000
      461                1659600.000000                 -0.0000000000                 -0.0000000000                 -0.1537684199                  0.0000000000
      462                1663200.000000                 -0.0000000000                 -0.0000000000                 -0.1537684643                  0.0000000000
      463                1666800.000000                 -0.0000000000                 -0.0000000000                 -0.1537685076                  0.0000000000
      464                1670400.000000                 -0.0000000000                 -0.0000000000                 -0.1537685499                  0.0000000000
      465                1674000.000000                 -0.0000000000                 -0.0000000000                 -0.1537685911                  0.0000000000
      466                1677600.000000                 -0.0000000000                 -0.0000000000                 -0.1537686314                  0.0000000000
      467                1681200.000000                 -0.0000000000                 -0.0000000000                 -0.1537686707                  0.0000000000
      468                1684800.000000                 -0.0000000000                 -0.0000000000                 -0.1537687091                  0.0000000000
      469                1688400.000000                 -0.0000000000                 -0.0000000000                 -0.1537687466                  0.0000000000
      470                1692000.000000                 -0.0000000000                 -0.0000000000                 -0.1537687832                  0.0000000000
      471                1695600.000000                 -0.0000000000                 -0.0000000000                 -0.1537688189                  0.0000000000
      472                1699200.000000                 -0.0000000000                 -0.0000000000                 -0.1537688537                  0.0000000000
      473                1702800.000000                 -0.0000000000                 -0.0000000000                 -0.1537688878                  0.0000000000
      474                1706400.000000                 -0.0000000000                 -0.0000000000                 -0.1537689210                  0.0000000000
      475                1710000.000000                 -0.0000000000                 -0.0000000000                 -0.1537689534                  0.0000000000
      476                1713600.000000                 -0.0000000000                 -0.0000000000                 -0.1537689851                  0.0000000000
      477                1717200.000000                 -0.0000000000                 -0.0000000000                 -0.1537690160                  0.0000000000
      478                1720800.000000                 -0.0000000000                 -0.0000000000                 -0.1537690461                  0.0000000000
      479                1724400.000000                 -0.0000000000                 -0.0000000000                 -0.1537690756                  0.0000000000
      480                1728000.000000                 -0.0000000000                 -0.0000000000                 -0.1537691043                  0.0000000000
      481                1731600.000000                 -0.0000000000                 -0.0000000000                 -0.1537691324                  0.0000000000
      482                1735200.000000                 -0.0000000000                 -0.0000000000                 -0.1537691598                  0.0000000000
      483                1738800.000000                 -0.0000000000                 -0.0000000000                 -0.1537691865                  0.0000000000
      484                1742400.000000                 -0.0000000000                 -0.0000000000                 -0.1537692126                  0.0000000000
      485                1746000.000000                 -0.0000000000                 -0.0000000000                 -0.1537692381                  0.0000000000
      486                1749600.000000                 -0.0000000000                 -0.0000000000                 -0.1537692630                  0.0000000000
      487                1753200.000000                 -0.0000000000                 -0.0000000000                 -0.1537692873                  0.0000000000
      488                1756800.000000                 -0.0000000000                 -0.0000000000                 -0.1537693110                  0.0000000000
      489                1760400.000000                 -0.0000000000                 -0.0000000000                 -0.1537693341                  0.0000000000
      490                1764000.000000                 -0.0000000000                 -0.0000000000                 -0.1537693567                  0.0000000000
      491                1767600.000000                 -0.0000000000                 -0.0000000000                 -0.1537693787                  0.0000000000
      492                1771200.000000                 -0.0000000000                 -0.0000000000                 -0.1537694003                  0.0000000000
      493                1774800.000000                 -0.0000000000                 -0.0000000000                 -0.1537694213                  0.0000000000
      494                1778400.000000                 -0.0000000000                 -0.0000000000                 -0.1537694418                  0.0000000000
      495                1782000.000000                 -0.0000000000                 -0.0000000000                 -0.1537694618                  0.0000000000
      496                1785600.000000                 -0.0000000000                 -0.0000000000                 -0.1537694814                  0.0000000000
      497                1789200.000000                 -0.0000000000                 -0.0000000000                 -0.1537695004                  0.0000000000
      498                1792800.000000                 -0.0000000000                 -0.0000000000                 -0.1537695191                  0.0000000000
      499                1796400.000000                 -0.0000000000                 -0.0000000000                 -0.1537695373                  0.0000000000
      500                1800000.000000                 -0.0000000000                 -0.0000000000                 -0.1537695550                  0.0000000000
      501                1803600.000000                 -0.0000000000                 -0.0000000000                 -0.1537695723                  0.0000000000
      502                1807200.000000                 -0.0000000000                 -0.0000000000                 -0.1537695893                  0.0000000000
      503                1810800.000000                 -0.0000000000                 -0.0000000000                 -0.1537696058                  0.0000000000
      504                1814400.000000                 -0.0000000000                 -0.0000000000                 -0.1537696219                  0.0000000000
      505                1818000.000000                 -0.0000000000                 -0.0000000000                 -0.1537696376                  0.0000000000
      506                1821600.000000                 -0.0000000000                 -0.0000000000                 -0.1537696530                  0.0000000000
      507                1825200.000000                 -0.0000000000                 -0.0000000000                 -0.1537696680                  0.0000000000
      508                1828800.000000                 -0.0000000000                 -0.0000000000                 -0.1537696826                  0.0000000000
      509                1832400.000000                 -0.0000000000                 -0.0000000000                 -0.1537696969                  0.0000000000
      510                1836000.000000                 -0.0000000000                 -0.0000000000                 -0.1537697109                  0.0000000000
      511                1839600.000000                 -0.0000000000                 -0.0000000000                 -0.1537697245                  0.0000000000
      512                1843200.000000                 -0.0000000000                 -0.0000000000                 -0.1537697378                  0.0000000000
      513                1846800.000000                 -0.0000000000                 -0.0000000000                 -0.1537697507                  0.0000000000
      514                1850400.000000                 -0.0000000000                 -0.0000000000                 -0.1537697634                  0.0000000000
      515                1854000.000000                 -0.0000000000                 -0.0000000000                 -0.1537697758                  0.0000000000
      516                1857600.000000                 -0.0000000000                 -0.0000000000                 -0.1537697878                  0.0000000000
      517                1861200.000000                 -0.0000000000                 -0.0000000000                 -0.1537697996                  0.0000000000
      518                1864800.000000                 -0.0000000000                 -0.0000000000                 -0.1537698111                  0.0000000000
      519                1868400.000000                 -0.0000000000                 -0.0000000000                 -0.1537698224                  0.0000000000
      520                1872000.000000                 -0.0000000000                 -0.0000000000                 -0.1537698333                  0.0000000000
      521                1875600.000000                 -0.0000000000                 -0.0000000000                 -0.1537698440                  0.0000000000
      522                1879200.000000                 -0.0000000000                 -0.0000000000                 -0.1537698545                  0.0000000000
      523                1882800.000000                 -0.0000000000                 -0.0000000000                 -0.1537698647                  0.0000000000
      524                1886400.000000                 -0.0000000000                 -0.0000000000                 -0.1537698746                  0.0000000000
      525                1890000.000000                 -0.0000000000                 -0.0000000000                 -0.1537698843                  0.0000000000
      526                1893600.000000                 -0.0000000000                 -0.0000000000                 -0.1537698938                  0.0000000000
      527                1897200.000000                 -0.0000000000                 -0.0000000000                 -0.1537699031                  0.0000000000
      528                1900800.000000                 -0.0000000000                 -0.0000000000                 -0.1537699121                  0.0000000000
      529                1904400.000000                 -0.0000000000                 -0.0000000000                 -0.1537699210                  0.0000000000
      530                1908000.000000                 -0.0000000000                 -0.0000000000                 -0.1537699296                  0.0000000000
      531                1911600.000000                 -0.0000000000                 -0.0000000000                 -0.1537699380                  0.0000000000
      532                1915200.000000                 -0.0000000000                 -0.0000000000                 -0.1537699462                  0.0000000000
      533                1918800.000000                 -0.0000000000                 -0.0000000000                 -0.1537699542                  0.0000000000
      534                1922400.000000                 -0.0000000000                 -0.0000000000                 -0.1537699620                  0.0000000000
      535                1926000.000000                 -0.0000000000                 -0.0000000000                 -0.1537699697                  0.0000000000
      536                1929600.000000                 -0.0000000000                 -0.0000000000                 -0.1537699771                  0.0000000000
      537                1933200.000000                 -0.0000000000                 -0.0000000000                 -0.1537699844                  0.0000000000
      538                1936800.000000                 -0.0000000000                 -0.0000000000                 -0.1537699915                  0.0000000000
      539                1940400.000000                 -0.0000000000                 -0.0000000000                 -0.1537699984                  0.0000000000
      540                1944000.000000                 -0.0000000000                 -0.0000000000                 -0.1537700052                  0.0000000000
      541                1947600.000000                 -0.0000000000                 -0.0000000000                 -0.1537700118                  0.0000000000
      542                1951200.000000                 -0.0000000000                 -0.0000000000                 -0.1537700183                  0.0000000000
      543                1954800.000000                 -0.0000000000                 -0.0000000000                 -0.1537700246                  0.0000000000
      544                1958400.000000                 -0.0000000000                 -0.0000000000                 -0.1537700307                  0.0000000000
      545                1962000.000000                 -0.0000000000                 -0.0000000000                 -0.1537700367                  0.0000000000
      546                1965600.000000                 -0.0000000000                 -0.0000000000                 -0.1537700426                  0.0000000000
      547                1969200.000000                 -0.0000000000                 -0.0000000000                 -0.1537700483                  0.0000000000
      548                1972800.000000                 -0.0000000000                 -0.0000000000                 -0.1537700539                  0.0000000000
      549                1976400.000000                 -0.0000000000                 -0.0000000000                 -0.1537700593                  0.0000000000
      550                1980000.000000                 -0.0000000000                 -0.0000000000                 -0.1537700646                  0.0000000000
      551                1983600.000000                 -0.0000000000                 -0.0000000000                 -0.1537700698                  0.0000000000
      552                1987200.000000                 -0.0000000000                 -0.0000000000                 -0.1537700749                  0.0000000000
      553                1990800.000000                 -0.0000000000                 -0.0000000000                 -0.1537700798                  0.0000000000
      554                1994400.000000                 -0.0000000000                 -0.0000000000                 -0.1537700847                  0.0000000000
      555                1998000.000000                 -0.0000000000                 -0.0000000000                 -0.1537700894                  0.0000000000
      556                2001600.000000                 -0.0000000000                 -0.0000000000                 -0.1537700940                  0.0000000000
      557                2005200.000000                 -0.0000000000                 -0.0000000000                 -0.1537700985                  0.0000000000
      558                2008800.000000                 -0.0000000000                 -0.0000000000                 -0.1537701029                  0.0000000000
      559                2012400.000000                 -0.0000000000                 -0.0000000000                 -0.1537701072                  0.0000000000
      560                2016000.000000                 -0.0000000000                 -0.0000000000                 -0.1537701113                  0.0000000000
      561                2019600.000000                 -0.0000000000                 -0.0000000000                 -0.1537701154                  0.0000000000
      562                2023200.000000                 -0.0000000000                 -0.0000000000                 -0.1537701194                  0.0000000000
      563                2026800.000000                 -0.0000000000                 -0.0000000000                 -0.1537701233                  0.0000000000
      564                2030400.000000                 -0.0000000000                 -0.0000000000                 -0.1537701271                  0.0000000000
      565                2034000.000000                 -0.0000000000                 -0.0000000000                 -0.1537701308                  0.0000000000
      566                2037600.000000                 -0.0000000000                 -0.0000000000                 -0.1537701344                  0.0000000000
      567                2041200.000000                 -0.0000000000                 -0.0000000000                 -0.1537701379                  0.0000000000
      568                2044800.000000                 -0.0000000000                 -0.0000000000                 -0.1537701414                  0.0000000000
      569                2048400.000000                 -0.0000000000                 -0.0000000000                 -0.1537701447                  0.0000000000
      570                2052000.000000                 -0.0000000000                 -0.0000000000                 -0.1537701480                  0.0000000000
      571                2055600.000000                 -0.0000000000                 -0.0000000000                 -0.1537701512                  0.0000000000
      572                2059200.000000                 -0.0000000000                 -0.0000000000                 -0.1537701544                  0.0000000000
      573                2062800.000000                 -0.0000000000                 -0.0000000000                 -0.1537701574                  0.0000000000
      574                2066400.000000                 -0.0000000000                 -0.0000000000                 -0.1537701604                  0.0000000000
      575                2070000.000000                 -0.0000000000                 -0.0000000000                 -0.1537701633                  0.0000000000
      576                2073600.000000                 -0.0000000000                 -0.0000000000                 -0.1537701662                  0.0000000000
      577                2077200.000000                 -0.0000000000                 -0.0000000000                 -0.1537701689                  0.0000000000
      578                2080800.000000                 -0.0000000000                 -0.0000000000                 -0.1537701716                  0.0000000000
      579                2084400.000000                 -0.0000000000                 -0.0000000000                 -0.1537701743                  0.0000000000
      580                2088000.000000                 -0.0000000000                 -0.0000000000                 -0.1537701769                  0.0000000000
      581                2091600.000000                 -0.0000000000                 -0.0000000000                 -0.1537701794                  0.0000000000
      582                2095200.000000                 -0.0000000000                 -0.0000000000                 -0.1537701819                  0.0000000000
      583                2098800.000000                 -0.0000000000                 -0.0000000000                 -0.1537701843                  0.0000000000
      584                2102400.000000                 -0.0000000000                 -0.0000000000                 -0.1537701866                  0.0000000000
      585                2106000.000000                 -0.0000000000                 -0.0000000000                 -0.1537701889                  0.0000000000
      586                2109600.000000                 -0.0000000000                 -0.0000000000                 -0.1537701911                  0.0000000000
      587                2113200.000000                 -0.0000000000                 -0.0000000000                 -0.1537701933                  0.0000000000
      588                2116800.000000                 -0.0000000000                 -0.0000000000                 -0.1537701954                  0.0000000000
      589                2120400.000000                 -0.0000000000                 -0.0000000000                 -0.1537701975                  0.0000000000
      590                2124000.000000                 -0.0000000000                 -0.0000000000                 -0.1537701995                  0.0000000000
      591                2127600.000000                 -0.0000000000                 -0.0000000000                 -0.1537702015                  0.0000000000
      592                2131200.000000                 -0.0000000000                 -0.0000000000                 -0.1537702035                  0.0000000000
      593                2134800.000000                 -0.0000000000                 -0.0000000000                 -0.1537702053                  0.0000000000
      594                2138400.000000                 -0.0000000000                 -0.0000000000                 -0.1537702072                  0.0000000000
      595                2142000.000000                 -0.0000000000                 -0.0000000000                 -0.1537702090                  0.0000000000
      596                2145600.000000                 -0.0000000000                 -0.0000000000                 -0.1537702107                  0.0000000000
      597                2149200.000000                 -0.0000000000                 -0.0000000000                 -0.1537702124                  0.0000000000
      598                2152800.000000                 -0.0000000000                 -0.0000000000                 -0.1537702141                  0.0000000000
      599                2156400.000000                 -0.0000000000                 -0.0000000000                 -0.1537702158                  0.0000000000
      600                2160000.000000                 -0.0000000000                 -0.0000000000                 -0.1537702173                  0.0000000000
