# Variacao DeslocAndPress no tempo no ponto       61
        0                      0.000000                  0.0000000000                  0.0000000000                  0.0000000000                  0.0099999998
        1                   3600.000000                  0.0000114087                 -0.0000005599                  0.0000000000                  3.9123494874
        2                   7200.000000                 -0.0000039257                 -0.0000004344                  0.0000000000                  3.9111653035
        3                  10800.000000                 -0.0000155277                 -0.0000003554                  0.0000000000                  3.9075153992
        4                  14400.000000                 -0.0000248743                 -0.0000002996                  0.0000000000                  3.8995195739
        5                  18000.000000                 -0.0000324563                 -0.0000002460                  0.0000000000                  3.8854422075
        6                  21600.000000                 -0.0000384847                 -0.0000001869                  0.0000000000                  3.8641056087
        7                  25200.000000                 -0.0000431100                 -0.0000001217                  0.0000000000                  3.8350341083
        8                  28800.000000                 -0.0000464868                 -0.0000000534                  0.0000000000                  3.7983784271
        9                  32400.000000                 -0.0000487837                  0.0000000145                  0.0000000000                  3.7547372629
       10                  36000.000000                 -0.0000501734                  0.0000000786                  0.0000000000                  3.7049687342
       11                  39600.000000                 -0.0000508225                  0.0000001369                  0.0000000000                  3.6500377104
       12                  43200.000000                 -0.0000508824                  0.0000001879                  0.0000000000                  3.5909106141
       13                  46800.000000                 -0.0000504853                  0.0000002313                  0.0000000000                  3.5284921465
       14                  50400.000000                 -0.0000497432                  0.0000002670                  0.0000000000                  3.4635930501
       15                  54000.000000                 -0.0000487482                  0.0000002957                  0.0000000000                  3.3969184039
       16                  57600.000000                 -0.0000475747                  0.0000003180                  0.0000000000                  3.3290682949
       17                  61200.000000                 -0.0000462818                  0.0000003346                  0.0000000000                  3.2605452099
       18                  64800.000000                 -0.0000449157                  0.0000003463                  0.0000000000                  3.1917645224
       19                  68400.000000                 -0.0000435120                  0.0000003540                  0.0000000000                  3.1230658947
       20                  72000.000000                 -0.0000420976                  0.0000003582                  0.0000000000                  3.0547243752
       21                  75600.000000                 -0.0000406925                  0.0000003596                  0.0000000000                  2.9869605784
       22                  79200.000000                 -0.0000393115                  0.0000003587                  0.0000000000                  2.9199496889
       23                  82800.000000                 -0.0000379648                  0.0000003559                  0.0000000000                  2.8538292430
       24                  86400.000000                 -0.0000366594                  0.0000003517                  0.0000000000                  2.7887057468
       25                  90000.000000                 -0.0000354000                  0.0000003464                  0.0000000000                  2.7246602428
       26                  93600.000000                 -0.0000341891                  0.0000003402                  0.0000000000                  2.6617529545
       27                  97200.000000                 -0.0000330277                  0.0000003334                  0.0000000000                  2.6000271400
       28                 100800.000000                 -0.0000319159                  0.0000003261                  0.0000000000                  2.5395122758
       29                 104400.000000                 -0.0000308529                  0.0000003185                  0.0000000000                  2.4802266784
       30                 108000.000000                 -0.0000298376                  0.0000003107                  0.0000000000                  2.4221796576
       31                 111600.000000                 -0.0000288680                  0.0000003028                  0.0000000000                  2.3653732824
       32                 115200.000000                 -0.0000279424                  0.0000002948                  0.0000000000                  2.3098038266
       33                 118800.000000                 -0.0000270587                  0.0000002870                  0.0000000000                  2.2554629501
       34                 122400.000000                 -0.0000262148                  0.0000002792                  0.0000000000                  2.2023386640
       35                 126000.000000                 -0.0000254084                  0.0000002715                  0.0000000000                  2.1504161179
       36                 129600.000000                 -0.0000246376                  0.0000002640                  0.0000000000                  2.0996782406
       37                 133200.000000                 -0.0000239001                  0.0000002566                  0.0000000000                  2.0501062625
       38                 136800.000000                 -0.0000231942                  0.0000002495                  0.0000000000                  2.0016801393
       39                 140400.000000                 -0.0000225179                  0.0000002425                  0.0000000000                  1.9543788963
       40                 144000.000000                 -0.0000218694                  0.0000002357                  0.0000000000                  1.9081809073
       41                 147600.000000                 -0.0000212470                  0.0000002291                  0.0000000000                  1.8630641197
       42                 151200.000000                 -0.0000206493                  0.0000002227                  0.0000000000                  1.8190062366
       43                 154800.000000                 -0.0000200747                  0.0000002166                  0.0000000000                  1.7759848628
       44                 158400.000000                 -0.0000195219                  0.0000002106                  0.0000000000                  1.7339776222
       45                 162000.000000                 -0.0000189896                  0.0000002048                  0.0000000000                  1.6929622505
       46                 165600.000000                 -0.0000184766                  0.0000001991                  0.0000000000                  1.6529166700
       47                 169200.000000                 -0.0000179819                  0.0000001937                  0.0000000000                  1.6138190474
       48                 172800.000000                 -0.0000175044                  0.0000001885                  0.0000000000                  1.5756478397
       49                 176400.000000                 -0.0000170432                  0.0000001834                  0.0000000000                  1.5383818284
       50                 180000.000000                 -0.0000165974                  0.0000001784                  0.0000000000                  1.5020001472
       51                 183600.000000                 -0.0000161663                  0.0000001737                  0.0000000000                  1.4664823008
       52                 187200.000000                 -0.0000157491                  0.0000001690                  0.0000000000                  1.4318081790
       53                 190800.000000                 -0.0000153450                  0.0000001646                  0.0000000000                  1.3979580669
       54                 194400.000000                 -0.0000149535                  0.0000001602                  0.0000000000                  1.3649126501
       55                 198000.000000                 -0.0000145740                  0.0000001560                  0.0000000000                  1.3326530181
       56                 201600.000000                 -0.0000142059                  0.0000001520                  0.0000000000                  1.3011606648
       57                 205200.000000                 -0.0000138487                  0.0000001480                  0.0000000000                  1.2704174873
       58                 208800.000000                 -0.0000135020                  0.0000001442                  0.0000000000                  1.2404057831
       59                 212400.000000                 -0.0000131652                  0.0000001405                  0.0000000000                  1.2111082459
       60                 216000.000000                 -0.0000128380                  0.0000001369                  0.0000000000                  1.1825079614
       61                 219600.000000                 -0.0000125201                  0.0000001334                  0.0000000000                  1.1545884010
       62                 223200.000000                 -0.0000122109                  0.0000001300                  0.0000000000                  1.1273334161
       63                 226800.000000                 -0.0000119102                  0.0000001267                  0.0000000000                  1.1007272315
       64                 230400.000000                 -0.0000116177                  0.0000001235                  0.0000000000                  1.0747544382
       65                 234000.000000                 -0.0000113331                  0.0000001204                  0.0000000000                  1.0493999871
       66                 237600.000000                 -0.0000110561                  0.0000001174                  0.0000000000                  1.0246491809
       67                 241200.000000                 -0.0000107864                  0.0000001145                  0.0000000000                  1.0004876675
       68                 244800.000000                 -0.0000105238                  0.0000001116                  0.0000000000                  0.9769014324
       69                 248400.000000                 -0.0000102680                  0.0000001089                  0.0000000000                  0.9538767915
       70                 252000.000000                 -0.0000100189                  0.0000001062                  0.0000000000                  0.9314003838
       71                 255600.000000                 -0.0000097761                  0.0000001035                  0.0000000000                  0.9094591643
       72                 259200.000000                 -0.0000095396                  0.0000001010                  0.0000000000                  0.8880403967
       73                 262800.000000                 -0.0000093091                  0.0000000985                  0.0000000000                  0.8671316464
       74                 266400.000000                 -0.0000090844                  0.0000000961                  0.0000000000                  0.8467207740
       75                 270000.000000                 -0.0000088654                  0.0000000937                  0.0000000000                  0.8267959279
       76                 273600.000000                 -0.0000086519                  0.0000000914                  0.0000000000                  0.8073455380
       77                 277200.000000                 -0.0000084437                  0.0000000892                  0.0000000000                  0.7883583090
       78                 280800.000000                 -0.0000082407                  0.0000000870                  0.0000000000                  0.7698232142
       79                 284400.000000                 -0.0000080427                  0.0000000849                  0.0000000000                  0.7517294887
       80                 288000.000000                 -0.0000078496                  0.0000000829                  0.0000000000                  0.7340666240
       81                 291600.000000                 -0.0000076613                  0.0000000808                  0.0000000000                  0.7168243611
       82                 295200.000000                 -0.0000074776                  0.0000000789                  0.0000000000                  0.6999926854
       83                 298800.000000                 -0.0000072984                  0.0000000770                  0.0000000000                  0.6835618203
       84                 302400.000000                 -0.0000071236                  0.0000000751                  0.0000000000                  0.6675222222
       85                 306000.000000                 -0.0000069531                  0.0000000733                  0.0000000000                  0.6518645743
       86                 309600.000000                 -0.0000067867                  0.0000000715                  0.0000000000                  0.6365797816
       87                 313200.000000                 -0.0000066244                  0.0000000698                  0.0000000000                  0.6216589658
       88                 316800.000000                 -0.0000064660                  0.0000000681                  0.0000000000                  0.6070934598
       89                 320400.000000                 -0.0000063114                  0.0000000665                  0.0000000000                  0.5928748027
       90                 324000.000000                 -0.0000061606                  0.0000000649                  0.0000000000                  0.5789947354
       91                 327600.000000                 -0.0000060134                  0.0000000633                  0.0000000000                  0.5654451949
       92                 331200.000000                 -0.0000058698                  0.0000000618                  0.0000000000                  0.5522183107
       93                 334800.000000                 -0.0000057296                  0.0000000603                  0.0000000000                  0.5393063994
       94                 338400.000000                 -0.0000055929                  0.0000000589                  0.0000000000                  0.5267019607
       95                 342000.000000                 -0.0000054594                  0.0000000575                  0.0000000000                  0.5143976726
       96                 345600.000000                 -0.0000053291                  0.0000000561                  0.0000000000                  0.5023863878
       97                 349200.000000                 -0.0000052020                  0.0000000547                  0.0000000000                  0.4906611290
       98                 352800.000000                 -0.0000050779                  0.0000000534                  0.0000000000                  0.4792150851
       99                 356400.000000                 -0.0000049567                  0.0000000522                  0.0000000000                  0.4680416071
      100                 360000.000000                 -0.0000048385                  0.0000000509                  0.0000000000                  0.4571342044
      101                 363600.000000                 -0.0000047232                  0.0000000497                  0.0000000000                  0.4464865409
      102                 367200.000000                 -0.0000046105                  0.0000000485                  0.0000000000                  0.4360924315
      103                 370800.000000                 -0.0000045006                  0.0000000473                  0.0000000000                  0.4259458383
      104                 374400.000000                 -0.0000043933                  0.0000000462                  0.0000000000                  0.4160408672
      105                 378000.000000                 -0.0000042886                  0.0000000451                  0.0000000000                  0.4063717643
      106                 381600.000000                 -0.0000041864                  0.0000000440                  0.0000000000                  0.3969329130
      107                 385200.000000                 -0.0000040866                  0.0000000430                  0.0000000000                  0.3877188302
      108                 388800.000000                 -0.0000039892                  0.0000000419                  0.0000000000                  0.3787241635
      109                 392400.000000                 -0.0000038942                  0.0000000409                  0.0000000000                  0.3699436879
      110                 396000.000000                 -0.0000038014                  0.0000000400                  0.0000000000                  0.3613723029
      111                 399600.000000                 -0.0000037108                  0.0000000390                  0.0000000000                  0.3530050293
      112                 403200.000000                 -0.0000036224                  0.0000000381                  0.0000000000                  0.3448370067
      113                 406800.000000                 -0.0000035361                  0.0000000372                  0.0000000000                  0.3368634903
      114                 410400.000000                 -0.0000034518                  0.0000000363                  0.0000000000                  0.3290798482
      115                 414000.000000                 -0.0000033696                  0.0000000354                  0.0000000000                  0.3214815589
      116                 417600.000000                 -0.0000032893                  0.0000000346                  0.0000000000                  0.3140642087
      117                 421200.000000                 -0.0000032110                  0.0000000338                  0.0000000000                  0.3068234888
      118                 424800.000000                 -0.0000031345                  0.0000000330                  0.0000000000                  0.2997551931
      119                 428400.000000                 -0.0000030598                  0.0000000322                  0.0000000000                  0.2928552156
      120                 432000.000000                 -0.0000029869                  0.0000000314                  0.0000000000                  0.2861195481
      121                 435600.000000                 -0.0000029158                  0.0000000306                  0.0000000000                  0.2795442780
      122                 439200.000000                 -0.0000028464                  0.0000000299                  0.0000000000                  0.2731255856
      123                 442800.000000                 -0.0000027786                  0.0000000292                  0.0000000000                  0.2668597423
      124                 446400.000000                 -0.0000027124                  0.0000000285                  0.0000000000                  0.2607431084
      125                 450000.000000                 -0.0000026478                  0.0000000278                  0.0000000000                  0.2547721306
      126                 453600.000000                 -0.0000025847                  0.0000000272                  0.0000000000                  0.2489433405
      127                 457200.000000                 -0.0000025232                  0.0000000265                  0.0000000000                  0.2432533521
      128                 460800.000000                 -0.0000024631                  0.0000000259                  0.0000000000                  0.2376988602
      129                 464400.000000                 -0.0000024044                  0.0000000253                  0.0000000000                  0.2322766381
      130                 468000.000000                 -0.0000023471                  0.0000000247                  0.0000000000                  0.2269835360
      131                 471600.000000                 -0.0000022912                  0.0000000241                  0.0000000000                  0.2218164793
      132                 475200.000000                 -0.0000022367                  0.0000000235                  0.0000000000                  0.2167724663
      133                 478800.000000                 -0.0000021834                  0.0000000229                  0.0000000000                  0.2118485671
      134                 482400.000000                 -0.0000021314                  0.0000000224                  0.0000000000                  0.2070419213
      135                 486000.000000                 -0.0000020806                  0.0000000219                  0.0000000000                  0.2023497368
      136                 489600.000000                 -0.0000020311                  0.0000000213                  0.0000000000                  0.1977692879
      137                 493200.000000                 -0.0000019827                  0.0000000208                  0.0000000000                  0.1932979138
      138                 496800.000000                 -0.0000019355                  0.0000000203                  0.0000000000                  0.1889330171
      139                 500400.000000                 -0.0000018894                  0.0000000199                  0.0000000000                  0.1846720622
      140                 504000.000000                 -0.0000018444                  0.0000000194                  0.0000000000                  0.1805125740
      141                 507600.000000                 -0.0000018005                  0.0000000189                  0.0000000000                  0.1764521362
      142                 511200.000000                 -0.0000017576                  0.0000000185                  0.0000000000                  0.1724883902
      143                 514800.000000                 -0.0000017158                  0.0000000180                  0.0000000000                  0.1686190333
      144                 518400.000000                 -0.0000016749                  0.0000000176                  0.0000000000                  0.1648418180
      145                 522000.000000                 -0.0000016350                  0.0000000172                  0.0000000000                  0.1611545499
      146                 525600.000000                 -0.0000015961                  0.0000000168                  0.0000000000                  0.1575550873
      147                 529200.000000                 -0.0000015581                  0.0000000164                  0.0000000000                  0.1540413391
      148                 532800.000000                 -0.0000015210                  0.0000000160                  0.0000000000                  0.1506112642
      149                 536400.000000                 -0.0000014848                  0.0000000156                  0.0000000000                  0.1472628701
      150                 540000.000000                 -0.0000014494                  0.0000000152                  0.0000000000                  0.1439942118
      151                 543600.000000                 -0.0000014149                  0.0000000149                  0.0000000000                  0.1408033905
      152                 547200.000000                 -0.0000013812                  0.0000000145                  0.0000000000                  0.1376885526
      153                 550800.000000                 -0.0000013483                  0.0000000142                  0.0000000000                  0.1346478887
      154                 554400.000000                 -0.0000013162                  0.0000000138                  0.0000000000                  0.1316796326
      155                 558000.000000                 -0.0000012848                  0.0000000135                  0.0000000000                  0.1287820599
      156                 561600.000000                 -0.0000012542                  0.0000000132                  0.0000000000                  0.1259534875
      157                 565200.000000                 -0.0000012244                  0.0000000129                  0.0000000000                  0.1231922722
      158                 568800.000000                 -0.0000011952                  0.0000000126                  0.0000000000                  0.1204968102
      159                 572400.000000                 -0.0000011668                  0.0000000123                  0.0000000000                  0.1178655355
      160                 576000.000000                 -0.0000011390                  0.0000000120                  0.0000000000                  0.1152969197
      161                 579600.000000                 -0.0000011119                  0.0000000117                  0.0000000000                  0.1127894706
      162                 583200.000000                 -0.0000010854                  0.0000000114                  0.0000000000                  0.1103417318
      163                 586800.000000                 -0.0000010595                  0.0000000111                  0.0000000000                  0.1079522813
      164                 590400.000000                 -0.0000010343                  0.0000000109                  0.0000000000                  0.1056197310
      165                 594000.000000                 -0.0000010097                  0.0000000106                  0.0000000000                  0.1033427261
      166                 597600.000000                 -0.0000009856                  0.0000000104                  0.0000000000                  0.1011199438
      167                 601200.000000                 -0.0000009622                  0.0000000101                  0.0000000000                  0.0989500929
      168                 604800.000000                 -0.0000009392                  0.0000000099                  0.0000000000                  0.0968319130
      169                 608400.000000                 -0.0000009169                  0.0000000096                  0.0000000000                  0.0947641735
      170                 612000.000000                 -0.0000008950                  0.0000000094                  0.0000000000                  0.0927456734
      171                 615600.000000                 -0.0000008737                  0.0000000092                  0.0000000000                  0.0907752401
      172                 619200.000000                 -0.0000008529                  0.0000000090                  0.0000000000                  0.0888517289
      173                 622800.000000                 -0.0000008326                  0.0000000087                  0.0000000000                  0.0869740226
      174                 626400.000000                 -0.0000008128                  0.0000000085                  0.0000000000                  0.0851410303
      175                 630000.000000                 -0.0000007934                  0.0000000083                  0.0000000000                  0.0833516873
      176                 633600.000000                 -0.0000007745                  0.0000000081                  0.0000000000                  0.0816049542
      177                 637200.000000                 -0.0000007561                  0.0000000079                  0.0000000000                  0.0798998163
      178                 640800.000000                 -0.0000007381                  0.0000000078                  0.0000000000                  0.0782352830
      179                 644400.000000                 -0.0000007205                  0.0000000076                  0.0000000000                  0.0766103874
      180                 648000.000000                 -0.0000007034                  0.0000000074                  0.0000000000                  0.0750241858
      181                 651600.000000                 -0.0000006866                  0.0000000072                  0.0000000000                  0.0734757565
      182                 655200.000000                 -0.0000006703                  0.0000000070                  0.0000000000                  0.0719642002
      183                 658800.000000                 -0.0000006543                  0.0000000069                  0.0000000000                  0.0704886387
      184                 662400.000000                 -0.0000006387                  0.0000000067                  0.0000000000                  0.0690482150
      185                 666000.000000                 -0.0000006235                  0.0000000066                  0.0000000000                  0.0676420923
      186                 669600.000000                 -0.0000006087                  0.0000000064                  0.0000000000                  0.0662694538
      187                 673200.000000                 -0.0000005942                  0.0000000062                  0.0000000000                  0.0649295021
      188                 676800.000000                 -0.0000005800                  0.0000000061                  0.0000000000                  0.0636214588
      189                 680400.000000                 -0.0000005662                  0.0000000059                  0.0000000000                  0.0623445641
      190                 684000.000000                 -0.0000005527                  0.0000000058                  0.0000000000                  0.0610980763
      191                 687600.000000                 -0.0000005396                  0.0000000057                  0.0000000000                  0.0598812713
      192                 691200.000000                 -0.0000005267                  0.0000000055                  0.0000000000                  0.0586934422
      193                 694800.000000                 -0.0000005142                  0.0000000054                  0.0000000000                  0.0575338990
      194                 698400.000000                 -0.0000005019                  0.0000000053                  0.0000000000                  0.0564019682
      195                 702000.000000                 -0.0000004900                  0.0000000051                  0.0000000000                  0.0552969922
      196                 705600.000000                 -0.0000004783                  0.0000000050                  0.0000000000                  0.0542183291
      197                 709200.000000                 -0.0000004669                  0.0000000049                  0.0000000000                  0.0531653523
      198                 712800.000000                 -0.0000004558                  0.0000000048                  0.0000000000                  0.0521374503
      199                 716400.000000                 -0.0000004449                  0.0000000047                  0.0000000000                  0.0511340258
      200                 720000.000000                 -0.0000004343                  0.0000000046                  0.0000000000                  0.0501544959
      201                 723600.000000                 -0.0000004240                  0.0000000045                  0.0000000000                  0.0491982918
      202                 727200.000000                 -0.0000004139                  0.0000000043                  0.0000000000                  0.0482648578
      203                 730800.000000                 -0.0000004040                  0.0000000042                  0.0000000000                  0.0473536519
      204                 734400.000000                 -0.0000003944                  0.0000000041                  0.0000000000                  0.0464641446
      205                 738000.000000                 -0.0000003850                  0.0000000040                  0.0000000000                  0.0455958192
      206                 741600.000000                 -0.0000003759                  0.0000000039                  0.0000000000                  0.0447481714
      207                 745200.000000                 -0.0000003669                  0.0000000039                  0.0000000000                  0.0439207088
      208                 748800.000000                 -0.0000003582                  0.0000000038                  0.0000000000                  0.0431129506
      209                 752400.000000                 -0.0000003496                  0.0000000037                  0.0000000000                  0.0423244277
      210                 756000.000000                 -0.0000003413                  0.0000000036                  0.0000000000                  0.0415546819
      211                 759600.000000                 -0.0000003332                  0.0000000035                  0.0000000000                  0.0408032662
      212                 763200.000000                 -0.0000003253                  0.0000000034                  0.0000000000                  0.0400697441
      213                 766800.000000                 -0.0000003175                  0.0000000033                  0.0000000000                  0.0393536894
      214                 770400.000000                 -0.0000003100                  0.0000000033                  0.0000000000                  0.0386546863
      215                 774000.000000                 -0.0000003026                  0.0000000032                  0.0000000000                  0.0379723286
      216                 777600.000000                 -0.0000002954                  0.0000000031                  0.0000000000                  0.0373062199
      217                 781200.000000                 -0.0000002883                  0.0000000030                  0.0000000000                  0.0366559734
      218                 784800.000000                 -0.0000002815                  0.0000000030                  0.0000000000                  0.0360212113
      219                 788400.000000                 -0.0000002748                  0.0000000029                  0.0000000000                  0.0354015649
      220                 792000.000000                 -0.0000002682                  0.0000000028                  0.0000000000                  0.0347966741
      221                 795600.000000                 -0.0000002618                  0.0000000028                  0.0000000000                  0.0342061878
      222                 799200.000000                 -0.0000002556                  0.0000000027                  0.0000000000                  0.0336297627
      223                 802800.000000                 -0.0000002495                  0.0000000026                  0.0000000000                  0.0330670641
      224                 806400.000000                 -0.0000002436                  0.0000000026                  0.0000000000                  0.0325177652
      225                 810000.000000                 -0.0000002378                  0.0000000025                  0.0000000000                  0.0319815468
      226                 813600.000000                 -0.0000002321                  0.0000000024                  0.0000000000                  0.0314580974
      227                 817200.000000                 -0.0000002266                  0.0000000024                  0.0000000000                  0.0309471129
      228                 820800.000000                 -0.0000002212                  0.0000000023                  0.0000000000                  0.0304482967
      229                 824400.000000                 -0.0000002159                  0.0000000023                  0.0000000000                  0.0299613588
      230                 828000.000000                 -0.0000002108                  0.0000000022                  0.0000000000                  0.0294860164
      231                 831600.000000                 -0.0000002058                  0.0000000022                  0.0000000000                  0.0290219934
      232                 835200.000000                 -0.0000002009                  0.0000000021                  0.0000000000                  0.0285690202
      233                 838800.000000                 -0.0000001961                  0.0000000021                  0.0000000000                  0.0281268337
      234                 842400.000000                 -0.0000001914                  0.0000000020                  0.0000000000                  0.0276951771
      235                 846000.000000                 -0.0000001868                  0.0000000020                  0.0000000000                  0.0272737996
      236                 849600.000000                 -0.0000001824                  0.0000000019                  0.0000000000                  0.0268624564
      237                 853200.000000                 -0.0000001781                  0.0000000019                  0.0000000000                  0.0264609086
      238                 856800.000000                 -0.0000001738                  0.0000000018                  0.0000000000                  0.0260689228
      239                 860400.000000                 -0.0000001697                  0.0000000018                  0.0000000000                  0.0256862715
      240                 864000.000000                 -0.0000001656                  0.0000000017                  0.0000000000                  0.0253127323
      241                 867600.000000                 -0.0000001617                  0.0000000017                  0.0000000000                  0.0249480883
      242                 871200.000000                 -0.0000001578                  0.0000000017                  0.0000000000                  0.0245921275
      243                 874800.000000                 -0.0000001541                  0.0000000016                  0.0000000000                  0.0242446433
      244                 878400.000000                 -0.0000001504                  0.0000000016                  0.0000000000                  0.0239054338
      245                 882000.000000                 -0.0000001468                  0.0000000015                  0.0000000000                  0.0235743019
      246                 885600.000000                 -0.0000001433                  0.0000000015                  0.0000000000                  0.0232510553
      247                 889200.000000                 -0.0000001399                  0.0000000015                  0.0000000000                  0.0229355063
      248                 892800.000000                 -0.0000001366                  0.0000000014                  0.0000000000                  0.0226274714
      249                 896400.000000                 -0.0000001333                  0.0000000014                  0.0000000000                  0.0223267718
      250                 900000.000000                 -0.0000001302                  0.0000000014                  0.0000000000                  0.0220332328
      251                 903600.000000                 -0.0000001271                  0.0000000013                  0.0000000000                  0.0217466839
      252                 907200.000000                 -0.0000001240                  0.0000000013                  0.0000000000                  0.0214669586
      253                 910800.000000                 -0.0000001211                  0.0000000013                  0.0000000000                  0.0211938944
      254                 914400.000000                 -0.0000001182                  0.0000000012                  0.0000000000                  0.0209273328
      255                 918000.000000                 -0.0000001154                  0.0000000012                  0.0000000000                  0.0206671188
      256                 921600.000000                 -0.0000001126                  0.0000000012                  0.0000000000                  0.0204131014
      257                 925200.000000                 -0.0000001100                  0.0000000012                  0.0000000000                  0.0201651328
      258                 928800.000000                 -0.0000001073                  0.0000000011                  0.0000000000                  0.0199230692
      259                 932400.000000                 -0.0000001048                  0.0000000011                  0.0000000000                  0.0196867699
      260                 936000.000000                 -0.0000001023                  0.0000000011                  0.0000000000                  0.0194560976
      261                 939600.000000                 -0.0000000998                  0.0000000010                  0.0000000000                  0.0192309184
      262                 943200.000000                 -0.0000000975                  0.0000000010                  0.0000000000                  0.0190111013
      263                 946800.000000                 -0.0000000952                  0.0000000010                  0.0000000000                  0.0187965188
      264                 950400.000000                 -0.0000000929                  0.0000000010                  0.0000000000                  0.0185870462
      265                 954000.000000                 -0.0000000907                  0.0000000010                  0.0000000000                  0.0183825617
      266                 957600.000000                 -0.0000000885                  0.0000000009                  0.0000000000                  0.0181829467
      267                 961200.000000                 -0.0000000864                  0.0000000009                  0.0000000000                  0.0179880852
      268                 964800.000000                 -0.0000000843                  0.0000000009                  0.0000000000                  0.0177978639
      269                 968400.000000                 -0.0000000823                  0.0000000009                  0.0000000000                  0.0176121723
      270                 972000.000000                 -0.0000000804                  0.0000000008                  0.0000000000                  0.0174309027
      271                 975600.000000                 -0.0000000785                  0.0000000008                  0.0000000000                  0.0172539497
      272                 979200.000000                 -0.0000000766                  0.0000000008                  0.0000000000                  0.0170812104
      273                 982800.000000                 -0.0000000748                  0.0000000008                  0.0000000000                  0.0169125847
      274                 986400.000000                 -0.0000000730                  0.0000000008                  0.0000000000                  0.0167479744
      275                 990000.000000                 -0.0000000713                  0.0000000007                  0.0000000000                  0.0165872840
      276                 993600.000000                 -0.0000000696                  0.0000000007                  0.0000000000                  0.0164304202
      277                 997200.000000                 -0.0000000679                  0.0000000007                  0.0000000000                  0.0162772918
      278                1000800.000000                 -0.0000000663                  0.0000000007                  0.0000000000                  0.0161278098
      279                1004400.000000                 -0.0000000647                  0.0000000007                  0.0000000000                  0.0159818875
      280                1008000.000000                 -0.0000000632                  0.0000000007                  0.0000000000                  0.0158394400
      281                1011600.000000                 -0.0000000617                  0.0000000006                  0.0000000000                  0.0157003847
      282                1015200.000000                 -0.0000000602                  0.0000000006                  0.0000000000                  0.0155646407
      283                1018800.000000                 -0.0000000588                  0.0000000006                  0.0000000000                  0.0154321292
      284                1022400.000000                 -0.0000000574                  0.0000000006                  0.0000000000                  0.0153027732
      285                1026000.000000                 -0.0000000560                  0.0000000006                  0.0000000000                  0.0151764976
      286                1029600.000000                 -0.0000000547                  0.0000000006                  0.0000000000                  0.0150532290
      287                1033200.000000                 -0.0000000534                  0.0000000006                  0.0000000000                  0.0149328958
      288                1036800.000000                 -0.0000000521                  0.0000000005                  0.0000000000                  0.0148154281
      289                1040400.000000                 -0.0000000508                  0.0000000005                  0.0000000000                  0.0147007577
      290                1044000.000000                 -0.0000000496                  0.0000000005                  0.0000000000                  0.0145888180
      291                1047600.000000                 -0.0000000485                  0.0000000005                  0.0000000000                  0.0144795439
      292                1051200.000000                 -0.0000000473                  0.0000000005                  0.0000000000                  0.0143728719
      293                1054800.000000                 -0.0000000462                  0.0000000005                  0.0000000000                  0.0142687402
      294                1058400.000000                 -0.0000000451                  0.0000000005                  0.0000000000                  0.0141670881
      295                1062000.000000                 -0.0000000440                  0.0000000005                  0.0000000000                  0.0140678567
      296                1065600.000000                 -0.0000000430                  0.0000000005                  0.0000000000                  0.0139709883
      297                1069200.000000                 -0.0000000419                  0.0000000004                  0.0000000000                  0.0138764266
      298                1072800.000000                 -0.0000000409                  0.0000000004                  0.0000000000                  0.0137841168
      299                1076400.000000                 -0.0000000400                  0.0000000004                  0.0000000000                  0.0136940051
      300                1080000.000000                 -0.0000000390                  0.0000000004                  0.0000000000                  0.0136060393
      301                1083600.000000                 -0.0000000381                  0.0000000004                  0.0000000000                  0.0135201683
      302                1087200.000000                 -0.0000000372                  0.0000000004                  0.0000000000                  0.0134363420
      303                1090800.000000                 -0.0000000363                  0.0000000004                  0.0000000000                  0.0133545120
      304                1094400.000000                 -0.0000000354                  0.0000000004                  0.0000000000                  0.0132746306
      305                1098000.000000                 -0.0000000346                  0.0000000004                  0.0000000000                  0.0131966514
      306                1101600.000000                 -0.0000000338                  0.0000000004                  0.0000000000                  0.0131205291
      307                1105200.000000                 -0.0000000330                  0.0000000003                  0.0000000000                  0.0130462195
      308                1108800.000000                 -0.0000000322                  0.0000000003                  0.0000000000                  0.0129736795
      309                1112400.000000                 -0.0000000314                  0.0000000003                  0.0000000000                  0.0129028669
      310                1116000.000000                 -0.0000000307                  0.0000000003                  0.0000000000                  0.0128337406
      311                1119600.000000                 -0.0000000299                  0.0000000003                  0.0000000000                  0.0127662603
      312                1123200.000000                 -0.0000000292                  0.0000000003                  0.0000000000                  0.0127003870
      313                1126800.000000                 -0.0000000285                  0.0000000003                  0.0000000000                  0.0126360824
      314                1130400.000000                 -0.0000000278                  0.0000000003                  0.0000000000                  0.0125733090
      315                1134000.000000                 -0.0000000272                  0.0000000003                  0.0000000000                  0.0125120305
      316                1137600.000000                 -0.0000000265                  0.0000000003                  0.0000000000                  0.0124522112
      317                1141200.000000                 -0.0000000259                  0.0000000003                  0.0000000000                  0.0123938163
      318                1144800.000000                 -0.0000000253                  0.0000000003                  0.0000000000                  0.0123368121
      319                1148400.000000                 -0.0000000247                  0.0000000003                  0.0000000000                  0.0122811653
      320                1152000.000000                 -0.0000000241                  0.0000000003                  0.0000000000                  0.0122268436
      321                1155600.000000                 -0.0000000235                  0.0000000002                  0.0000000000                  0.0121738155
      322                1159200.000000                 -0.0000000230                  0.0000000002                  0.0000000000                  0.0121220501
      323                1162800.000000                 -0.0000000224                  0.0000000002                  0.0000000000                  0.0120715175
      324                1166400.000000                 -0.0000000219                  0.0000000002                  0.0000000000                  0.0120221882
      325                1170000.000000                 -0.0000000214                  0.0000000002                  0.0000000000                  0.0119740335
      326                1173600.000000                 -0.0000000208                  0.0000000002                  0.0000000000                  0.0119270256
      327                1177200.000000                 -0.0000000203                  0.0000000002                  0.0000000000                  0.0118811371
      328                1180800.000000                 -0.0000000199                  0.0000000002                  0.0000000000                  0.0118363414
      329                1184400.000000                 -0.0000000194                  0.0000000002                  0.0000000000                  0.0117926123
      330                1188000.000000                 -0.0000000189                  0.0000000002                  0.0000000000                  0.0117499246
      331                1191600.000000                 -0.0000000185                  0.0000000002                  0.0000000000                  0.0117082534
      332                1195200.000000                 -0.0000000180                  0.0000000002                  0.0000000000                  0.0116675746
      333                1198800.000000                 -0.0000000176                  0.0000000002                  0.0000000000                  0.0116278644
      334                1202400.000000                 -0.0000000172                  0.0000000002                  0.0000000000                  0.0115890999
      335                1206000.000000                 -0.0000000168                  0.0000000002                  0.0000000000                  0.0115512584
      336                1209600.000000                 -0.0000000164                  0.0000000002                  0.0000000000                  0.0115143181
      337                1213200.000000                 -0.0000000160                  0.0000000002                  0.0000000000                  0.0114782575
      338                1216800.000000                 -0.0000000156                  0.0000000002                  0.0000000000                  0.0114430555
      339                1220400.000000                 -0.0000000152                  0.0000000002                  0.0000000000                  0.0114086919
      340                1224000.000000                 -0.0000000149                  0.0000000002                  0.0000000000                  0.0113751465
      341                1227600.000000                 -0.0000000145                  0.0000000002                  0.0000000000                  0.0113424000
      342                1231200.000000                 -0.0000000142                  0.0000000001                  0.0000000000                  0.0113104332
      343                1234800.000000                 -0.0000000138                  0.0000000001                  0.0000000000                  0.0112792277
      344                1238400.000000                 -0.0000000135                  0.0000000001                  0.0000000000                  0.0112487653
      345                1242000.000000                 -0.0000000132                  0.0000000001                  0.0000000000                  0.0112190283
      346                1245600.000000                 -0.0000000129                  0.0000000001                  0.0000000000                  0.0111899994
      347                1249200.000000                 -0.0000000126                  0.0000000001                  0.0000000000                  0.0111616618
      348                1252800.000000                 -0.0000000123                  0.0000000001                  0.0000000000                  0.0111339990
      349                1256400.000000                 -0.0000000120                  0.0000000001                  0.0000000000                  0.0111069949
      350                1260000.000000                 -0.0000000117                  0.0000000001                  0.0000000000                  0.0110806339
      351                1263600.000000                 -0.0000000114                  0.0000000001                  0.0000000000                  0.0110549007
      352                1267200.000000                 -0.0000000111                  0.0000000001                  0.0000000000                  0.0110297802
      353                1270800.000000                 -0.0000000109                  0.0000000001                  0.0000000000                  0.0110052579
      354                1274400.000000                 -0.0000000106                  0.0000000001                  0.0000000000                  0.0109813195
      355                1278000.000000                 -0.0000000104                  0.0000000001                  0.0000000000                  0.0109579513
      356                1281600.000000                 -0.0000000101                  0.0000000001                  0.0000000000                  0.0109351394
      357                1285200.000000                 -0.0000000099                  0.0000000001                  0.0000000000                  0.0109128708
      358                1288800.000000                 -0.0000000096                  0.0000000001                  0.0000000000                  0.0108911325
      359                1292400.000000                 -0.0000000094                  0.0000000001                  0.0000000000                  0.0108699119
      360                1296000.000000                 -0.0000000092                  0.0000000001                  0.0000000000                  0.0108491966
      361                1299600.000000                 -0.0000000090                  0.0000000001                  0.0000000000                  0.0108289745
      362                1303200.000000                 -0.0000000088                  0.0000000001                  0.0000000000                  0.0108092341
      363                1306800.000000                 -0.0000000085                  0.0000000001                  0.0000000000                  0.0107899637
      364                1310400.000000                 -0.0000000083                  0.0000000001                  0.0000000000                  0.0107711522
      365                1314000.000000                 -0.0000000081                  0.0000000001                  0.0000000000                  0.0107527886
      366                1317600.000000                 -0.0000000079                  0.0000000001                  0.0000000000                  0.0107348624
      367                1321200.000000                 -0.0000000078                  0.0000000001                  0.0000000000                  0.0107173630
      368                1324800.000000                 -0.0000000076                  0.0000000001                  0.0000000000                  0.0107002803
      369                1328400.000000                 -0.0000000074                  0.0000000001                  0.0000000000                  0.0106836045
      370                1332000.000000                 -0.0000000072                  0.0000000001                  0.0000000000                  0.0106673257
      371                1335600.000000                 -0.0000000070                  0.0000000001                  0.0000000000                  0.0106514346
      372                1339200.000000                 -0.0000000069                  0.0000000001                  0.0000000000                  0.0106359219
      373                1342800.000000                 -0.0000000067                  0.0000000001                  0.0000000000                  0.0106207786
      374                1346400.000000                 -0.0000000066                  0.0000000001                  0.0000000000                  0.0106059959
      375                1350000.000000                 -0.0000000064                  0.0000000001                  0.0000000000                  0.0105915653
      376                1353600.000000                 -0.0000000062                  0.0000000001                  0.0000000000                  0.0105774783
      377                1357200.000000                 -0.0000000061                  0.0000000001                  0.0000000000                  0.0105637267
      378                1360800.000000                 -0.0000000060                  0.0000000001                  0.0000000000                  0.0105503026
      379                1364400.000000                 -0.0000000058                  0.0000000001                  0.0000000000                  0.0105371982
      380                1368000.000000                 -0.0000000057                  0.0000000001                  0.0000000000                  0.0105244058
      381                1371600.000000                 -0.0000000055                  0.0000000001                  0.0000000000                  0.0105119181
      382                1375200.000000                 -0.0000000054                  0.0000000001                  0.0000000000                  0.0104997277
      383                1378800.000000                 -0.0000000053                  0.0000000001                  0.0000000000                  0.0104878276
      384                1382400.000000                 -0.0000000052                  0.0000000001                  0.0000000000                  0.0104762109
      385                1386000.000000                 -0.0000000050                  0.0000000001                  0.0000000000                  0.0104648708
      386                1389600.000000                 -0.0000000049                  0.0000000001                  0.0000000000                  0.0104538008
      387                1393200.000000                 -0.0000000048                  0.0000000000                  0.0000000000                  0.0104429944
      388                1396800.000000                 -0.0000000047                  0.0000000000                  0.0000000000                  0.0104324453
      389                1400400.000000                 -0.0000000046                  0.0000000000                  0.0000000000                  0.0104221474
      390                1404000.000000                 -0.0000000045                  0.0000000000                  0.0000000000                  0.0104120948
      391                1407600.000000                 -0.0000000044                  0.0000000000                  0.0000000000                  0.0104022815
      392                1411200.000000                 -0.0000000042                  0.0000000000                  0.0000000000                  0.0103927019
      393                1414800.000000                 -0.0000000041                  0.0000000000                  0.0000000000                  0.0103833505
      394                1418400.000000                 -0.0000000040                  0.0000000000                  0.0000000000                  0.0103742217
      395                1422000.000000                 -0.0000000040                  0.0000000000                  0.0000000000                  0.0103653103
      396                1425600.000000                 -0.0000000039                  0.0000000000                  0.0000000000                  0.0103566111
      397                1429200.000000                 -0.0000000038                  0.0000000000                  0.0000000000                  0.0103481191
      398                1432800.000000                 -0.0000000037                  0.0000000000                  0.0000000000                  0.0103398293
      399                1436400.000000                 -0.0000000036                  0.0000000000                  0.0000000000                  0.0103317369
      400                1440000.000000                 -0.0000000035                  0.0000000000                  0.0000000000                  0.0103238372
      401                1443600.000000                 -0.0000000034                  0.0000000000                  0.0000000000                  0.0103161256
      402                1447200.000000                 -0.0000000033                  0.0000000000                  0.0000000000                  0.0103085977
      403                1450800.000000                 -0.0000000033                  0.0000000000                  0.0000000000                  0.0103012490
      404                1454400.000000                 -0.0000000032                  0.0000000000                  0.0000000000                  0.0102940753
      405                1458000.000000                 -0.0000000031                  0.0000000000                  0.0000000000                  0.0102870725
      406                1461600.000000                 -0.0000000030                  0.0000000000                  0.0000000000                  0.0102802364
      407                1465200.000000                 -0.0000000030                  0.0000000000                  0.0000000000                  0.0102735631
      408                1468800.000000                 -0.0000000029                  0.0000000000                  0.0000000000                  0.0102670487
      409                1472400.000000                 -0.0000000028                  0.0000000000                  0.0000000000                  0.0102606894
      410                1476000.000000                 -0.0000000028                  0.0000000000                  0.0000000000                  0.0102544816
      411                1479600.000000                 -0.0000000027                  0.0000000000                  0.0000000000                  0.0102484216
      412                1483200.000000                 -0.0000000026                  0.0000000000                  0.0000000000                  0.0102425059
      413                1486800.000000                 -0.0000000026                  0.0000000000                  0.0000000000                  0.0102367311
      414                1490400.000000                 -0.0000000025                  0.0000000000                  0.0000000000                  0.0102310938
      415                1494000.000000                 -0.0000000024                  0.0000000000                  0.0000000000                  0.0102255907
      416                1497600.000000                 -0.0000000024                  0.0000000000                  0.0000000000                  0.0102202187
      417                1501200.000000                 -0.0000000023                  0.0000000000                  0.0000000000                  0.0102149746
      418                1504800.000000                 -0.0000000023                  0.0000000000                  0.0000000000                  0.0102098554
      419                1508400.000000                 -0.0000000022                  0.0000000000                  0.0000000000                  0.0102048580
      420                1512000.000000                 -0.0000000022                  0.0000000000                  0.0000000000                  0.0101999797
      421                1515600.000000                 -0.0000000021                  0.0000000000                  0.0000000000                  0.0101952176
      422                1519200.000000                 -0.0000000021                  0.0000000000                  0.0000000000                  0.0101905689
      423                1522800.000000                 -0.0000000020                  0.0000000000                  0.0000000000                  0.0101860308
      424                1526400.000000                 -0.0000000020                  0.0000000000                  0.0000000000                  0.0101816008
      425                1530000.000000                 -0.0000000019                  0.0000000000                  0.0000000000                  0.0101772764
      426                1533600.000000                 -0.0000000019                  0.0000000000                  0.0000000000                  0.0101730548
      427                1537200.000000                 -0.0000000018                  0.0000000000                  0.0000000000                  0.0101689339
      428                1540800.000000                 -0.0000000018                  0.0000000000                  0.0000000000                  0.0101649110
      429                1544400.000000                 -0.0000000017                  0.0000000000                  0.0000000000                  0.0101609840
      430                1548000.000000                 -0.0000000017                  0.0000000000                  0.0000000000                  0.0101571504
      431                1551600.000000                 -0.0000000017                  0.0000000000                  0.0000000000                  0.0101534082
      432                1555200.000000                 -0.0000000016                  0.0000000000                  0.0000000000                  0.0101497551
      433                1558800.000000                 -0.0000000016                  0.0000000000                  0.0000000000                  0.0101461889
      434                1562400.000000                 -0.0000000015                  0.0000000000                  0.0000000000                  0.0101427077
      435                1566000.000000                 -0.0000000015                  0.0000000000                  0.0000000000                  0.0101393094
      436                1569600.000000                 -0.0000000015                  0.0000000000                  0.0000000000                  0.0101359920
      437                1573200.000000                 -0.0000000014                  0.0000000000                  0.0000000000                  0.0101327536
      438                1576800.000000                 -0.0000000014                  0.0000000000                  0.0000000000                  0.0101295923
      439                1580400.000000                 -0.0000000014                  0.0000000000                  0.0000000000                  0.0101265063
      440                1584000.000000                 -0.0000000013                  0.0000000000                  0.0000000000                  0.0101234938
      441                1587600.000000                 -0.0000000013                  0.0000000000                  0.0000000000                  0.0101205531
      442                1591200.000000                 -0.0000000013                  0.0000000000                  0.0000000000                  0.0101176823
      443                1594800.000000                 -0.0000000012                  0.0000000000                  0.0000000000                  0.0101148799
      444                1598400.000000                 -0.0000000012                  0.0000000000                  0.0000000000                  0.0101121443
      445                1602000.000000                 -0.0000000012                  0.0000000000                  0.0000000000                  0.0101094738
      446                1605600.000000                 -0.0000000012                  0.0000000000                  0.0000000000                  0.0101068669
      447                1609200.000000                 -0.0000000011                  0.0000000000                  0.0000000000                  0.0101043220
      448                1612800.000000                 -0.0000000011                  0.0000000000                  0.0000000000                  0.0101018378
      449                1616400.000000                 -0.0000000011                  0.0000000000                  0.0000000000                  0.0100994127
      450                1620000.000000                 -0.0000000010                  0.0000000000                  0.0000000000                  0.0100970454
      451                1623600.000000                 -0.0000000010                  0.0000000000                  0.0000000000                  0.0100947344
      452                1627200.000000                 -0.0000000010                  0.0000000000                  0.0000000000                  0.0100924785
      453                1630800.000000                 -0.0000000010                  0.0000000000                  0.0000000000                  0.0100902763
      454                1634400.000000                 -0.0000000010                  0.0000000000                  0.0000000000                  0.0100881265
      455                1638000.000000                 -0.0000000009                  0.0000000000                  0.0000000000                  0.0100860280
      456                1641600.000000                 -0.0000000009                  0.0000000000                  0.0000000000                  0.0100839794
      457                1645200.000000                 -0.0000000009                  0.0000000000                  0.0000000000                  0.0100819796
      458                1648800.000000                 -0.0000000009                  0.0000000000                  0.0000000000                  0.0100800274
      459                1652400.000000                 -0.0000000008                  0.0000000000                  0.0000000000                  0.0100781217
      460                1656000.000000                 -0.0000000008                  0.0000000000                  0.0000000000                  0.0100762614
      461                1659600.000000                 -0.0000000008                  0.0000000000                  0.0000000000                  0.0100744453
      462                1663200.000000                 -0.0000000008                  0.0000000000                  0.0000000000                  0.0100726726
      463                1666800.000000                 -0.0000000008                  0.0000000000                  0.0000000000                  0.0100709420
      464                1670400.000000                 -0.0000000007                  0.0000000000                  0.0000000000                  0.0100692526
      465                1674000.000000                 -0.0000000007                  0.0000000000                  0.0000000000                  0.0100676035
      466                1677600.000000                 -0.0000000007                  0.0000000000                  0.0000000000                  0.0100659937
      467                1681200.000000                 -0.0000000007                  0.0000000000                  0.0000000000                  0.0100644222
      468                1684800.000000                 -0.0000000007                  0.0000000000                  0.0000000000                  0.0100628881
      469                1688400.000000                 -0.0000000007                  0.0000000000                  0.0000000000                  0.0100613905
      470                1692000.000000                 -0.0000000006                  0.0000000000                  0.0000000000                  0.0100599286
      471                1695600.000000                 -0.0000000006                  0.0000000000                  0.0000000000                  0.0100585015
      472                1699200.000000                 -0.0000000006                  0.0000000000                  0.0000000000                  0.0100571084
      473                1702800.000000                 -0.0000000006                  0.0000000000                  0.0000000000                  0.0100557485
      474                1706400.000000                 -0.0000000006                  0.0000000000                  0.0000000000                  0.0100544209
      475                1710000.000000                 -0.0000000006                  0.0000000000                  0.0000000000                  0.0100531250
      476                1713600.000000                 -0.0000000006                  0.0000000000                  0.0000000000                  0.0100518599
      477                1717200.000000                 -0.0000000005                  0.0000000000                  0.0000000000                  0.0100506250
      478                1720800.000000                 -0.0000000005                  0.0000000000                  0.0000000000                  0.0100494194
      479                1724400.000000                 -0.0000000005                  0.0000000000                  0.0000000000                  0.0100482426
      480                1728000.000000                 -0.0000000005                  0.0000000000                  0.0000000000                  0.0100470938
      481                1731600.000000                 -0.0000000005                  0.0000000000                  0.0000000000                  0.0100459724
      482                1735200.000000                 -0.0000000005                  0.0000000000                  0.0000000000                  0.0100448776
      483                1738800.000000                 -0.0000000005                  0.0000000000                  0.0000000000                  0.0100438089
      484                1742400.000000                 -0.0000000005                  0.0000000000                  0.0000000000                  0.0100427657
      485                1746000.000000                 -0.0000000005                  0.0000000000                  0.0000000000                  0.0100417473
      486                1749600.000000                 -0.0000000004                  0.0000000000                  0.0000000000                  0.0100407532
      487                1753200.000000                 -0.0000000004                  0.0000000000                  0.0000000000                  0.0100397827
      488                1756800.000000                 -0.0000000004                  0.0000000000                  0.0000000000                  0.0100388354
      489                1760400.000000                 -0.0000000004                  0.0000000000                  0.0000000000                  0.0100379106
      490                1764000.000000                 -0.0000000004                  0.0000000000                  0.0000000000                  0.0100370078
      491                1767600.000000                 -0.0000000004                  0.0000000000                  0.0000000000                  0.0100361265
      492                1771200.000000                 -0.0000000004                  0.0000000000                  0.0000000000                  0.0100352663
      493                1774800.000000                 -0.0000000004                  0.0000000000                  0.0000000000                  0.0100344265
      494                1778400.000000                 -0.0000000004                  0.0000000000                  0.0000000000                  0.0100336067
      495                1782000.000000                 -0.0000000004                  0.0000000000                  0.0000000000                  0.0100328064
      496                1785600.000000                 -0.0000000003                  0.0000000000                  0.0000000000                  0.0100320251
      497                1789200.000000                 -0.0000000003                  0.0000000000                  0.0000000000                  0.0100312625
      498                1792800.000000                 -0.0000000003                  0.0000000000                  0.0000000000                  0.0100305181
      499                1796400.000000                 -0.0000000003                  0.0000000000                  0.0000000000                  0.0100297913
      500                1800000.000000                 -0.0000000003                  0.0000000000                  0.0000000000                  0.0100290819
      501                1803600.000000                 -0.0000000003                  0.0000000000                  0.0000000000                  0.0100283894
      502                1807200.000000                 -0.0000000003                  0.0000000000                  0.0000000000                  0.0100277133
      503                1810800.000000                 -0.0000000003                  0.0000000000                  0.0000000000                  0.0100270534
      504                1814400.000000                 -0.0000000003                  0.0000000000                  0.0000000000                  0.0100264092
      505                1818000.000000                 -0.0000000003                  0.0000000000                  0.0000000000                  0.0100257803
      506                1821600.000000                 -0.0000000003                  0.0000000000                  0.0000000000                  0.0100251664
      507                1825200.000000                 -0.0000000003                  0.0000000000                  0.0000000000                  0.0100245671
      508                1828800.000000                 -0.0000000003                  0.0000000000                  0.0000000000                  0.0100239821
      509                1832400.000000                 -0.0000000003                  0.0000000000                  0.0000000000                  0.0100234110
      510                1836000.000000                 -0.0000000002                  0.0000000000                  0.0000000000                  0.0100228535
      511                1839600.000000                 -0.0000000002                  0.0000000000                  0.0000000000                  0.0100223093
      512                1843200.000000                 -0.0000000002                  0.0000000000                  0.0000000000                  0.0100217780
      513                1846800.000000                 -0.0000000002                  0.0000000000                  0.0000000000                  0.0100212594
      514                1850400.000000                 -0.0000000002                  0.0000000000                  0.0000000000                  0.0100207532
      515                1854000.000000                 -0.0000000002                  0.0000000000                  0.0000000000                  0.0100202590
      516                1857600.000000                 -0.0000000002                  0.0000000000                  0.0000000000                  0.0100197765
      517                1861200.000000                 -0.0000000002                  0.0000000000                  0.0000000000                  0.0100193056
      518                1864800.000000                 -0.0000000002                  0.0000000000                  0.0000000000                  0.0100188459
      519                1868400.000000                 -0.0000000002                  0.0000000000                  0.0000000000                  0.0100183971
      520                1872000.000000                 -0.0000000002                  0.0000000000                  0.0000000000                  0.0100179590
      521                1875600.000000                 -0.0000000002                  0.0000000000                  0.0000000000                  0.0100175313
      522                1879200.000000                 -0.0000000002                  0.0000000000                  0.0000000000                  0.0100171139
      523                1882800.000000                 -0.0000000002                  0.0000000000                  0.0000000000                  0.0100167063
      524                1886400.000000                 -0.0000000002                  0.0000000000                  0.0000000000                  0.0100163085
      525                1890000.000000                 -0.0000000002                  0.0000000000                  0.0000000000                  0.0100159201
      526                1893600.000000                 -0.0000000002                  0.0000000000                  0.0000000000                  0.0100155410
      527                1897200.000000                 -0.0000000002                  0.0000000000                  0.0000000000                  0.0100151710
      528                1900800.000000                 -0.0000000002                  0.0000000000                  0.0000000000                  0.0100148097
      529                1904400.000000                 -0.0000000002                  0.0000000000                  0.0000000000                  0.0100144570
      530                1908000.000000                 -0.0000000002                  0.0000000000                  0.0000000000                  0.0100141128
      531                1911600.000000                 -0.0000000001                  0.0000000000                  0.0000000000                  0.0100137767
      532                1915200.000000                 -0.0000000001                  0.0000000000                  0.0000000000                  0.0100134486
      533                1918800.000000                 -0.0000000001                  0.0000000000                  0.0000000000                  0.0100131284
      534                1922400.000000                 -0.0000000001                  0.0000000000                  0.0000000000                  0.0100128157
      535                1926000.000000                 -0.0000000001                  0.0000000000                  0.0000000000                  0.0100125106
      536                1929600.000000                 -0.0000000001                  0.0000000000                  0.0000000000                  0.0100122126
      537                1933200.000000                 -0.0000000001                  0.0000000000                  0.0000000000                  0.0100119218
      538                1936800.000000                 -0.0000000001                  0.0000000000                  0.0000000000                  0.0100116379
      539                1940400.000000                 -0.0000000001                  0.0000000000                  0.0000000000                  0.0100113608
      540                1944000.000000                 -0.0000000001                  0.0000000000                  0.0000000000                  0.0100110903
      541                1947600.000000                 -0.0000000001                  0.0000000000                  0.0000000000                  0.0100108262
      542                1951200.000000                 -0.0000000001                  0.0000000000                  0.0000000000                  0.0100105684
      543                1954800.000000                 -0.0000000001                  0.0000000000                  0.0000000000                  0.0100103167
      544                1958400.000000                 -0.0000000001                  0.0000000000                  0.0000000000                  0.0100100710
      545                1962000.000000                 -0.0000000001                  0.0000000000                  0.0000000000                  0.0100098312
      546                1965600.000000                 -0.0000000001                  0.0000000000                  0.0000000000                  0.0100095971
      547                1969200.000000                 -0.0000000001                  0.0000000000                  0.0000000000                  0.0100093685
      548                1972800.000000                 -0.0000000001                  0.0000000000                  0.0000000000                  0.0100091455
      549                1976400.000000                 -0.0000000001                  0.0000000000                  0.0000000000                  0.0100089277
      550                1980000.000000                 -0.0000000001                  0.0000000000                  0.0000000000                  0.0100087151
      551                1983600.000000                 -0.0000000001                  0.0000000000                  0.0000000000                  0.0100085075
      552                1987200.000000                 -0.0000000001                  0.0000000000                  0.0000000000                  0.0100083050
      553                1990800.000000                 -0.0000000001                  0.0000000000                  0.0000000000                  0.0100081072
      554                1994400.000000                 -0.0000000001                  0.0000000000                  0.0000000000                  0.0100079141
      555                1998000.000000                 -0.0000000001                  0.0000000000                  0.0000000000                  0.0100077257
      556                2001600.000000                 -0.0000000001                  0.0000000000                  0.0000000000                  0.0100075417
      557                2005200.000000                 -0.0000000001                  0.0000000000                  0.0000000000                  0.0100073621
      558                2008800.000000                 -0.0000000001                  0.0000000000                  0.0000000000                  0.0100071868
      559                2012400.000000                 -0.0000000001                  0.0000000000                  0.0000000000                  0.0100070156
      560                2016000.000000                 -0.0000000001                  0.0000000000                  0.0000000000                  0.0100068486
      561                2019600.000000                 -0.0000000001                  0.0000000000                  0.0000000000                  0.0100066855
      562                2023200.000000                 -0.0000000001                  0.0000000000                  0.0000000000                  0.0100065263
      563                2026800.000000                 -0.0000000001                  0.0000000000                  0.0000000000                  0.0100063709
      564                2030400.000000                 -0.0000000001                  0.0000000000                  0.0000000000                  0.0100062192
      565                2034000.000000                 -0.0000000001                  0.0000000000                  0.0000000000                  0.0100060711
      566                2037600.000000                 -0.0000000001                  0.0000000000                  0.0000000000                  0.0100059265
      567                2041200.000000                 -0.0000000001                  0.0000000000                  0.0000000000                  0.0100057854
      568                2044800.000000                 -0.0000000001                  0.0000000000                  0.0000000000                  0.0100056476
      569                2048400.000000                 -0.0000000001                  0.0000000000                  0.0000000000                  0.0100055131
      570                2052000.000000                 -0.0000000001                  0.0000000000                  0.0000000000                  0.0100053818
      571                2055600.000000                 -0.0000000001                  0.0000000000                  0.0000000000                  0.0100052537
      572                2059200.000000                 -0.0000000001                  0.0000000000                  0.0000000000                  0.0100051286
      573                2062800.000000                 -0.0000000001                  0.0000000000                  0.0000000000                  0.0100050064
      574                2066400.000000                 -0.0000000001                  0.0000000000                  0.0000000000                  0.0100048872
      575                2070000.000000                 -0.0000000001                  0.0000000000                  0.0000000000                  0.0100047708
      576                2073600.000000                 -0.0000000001                  0.0000000000                  0.0000000000                  0.0100046572
      577                2077200.000000                 -0.0000000000                  0.0000000000                  0.0000000000                  0.0100045463
      578                2080800.000000                 -0.0000000000                  0.0000000000                  0.0000000000                  0.0100044381
      579                2084400.000000                 -0.0000000000                  0.0000000000                  0.0000000000                  0.0100043324
      580                2088000.000000                 -0.0000000000                  0.0000000000                  0.0000000000                  0.0100042292
      581                2091600.000000                 -0.0000000000                  0.0000000000                  0.0000000000                  0.0100041285
      582                2095200.000000                 -0.0000000000                  0.0000000000                  0.0000000000                  0.0100040302
      583                2098800.000000                 -0.0000000000                  0.0000000000                  0.0000000000                  0.0100039342
      584                2102400.000000                 -0.0000000000                  0.0000000000                  0.0000000000                  0.0100038405
      585                2106000.000000                 -0.0000000000                  0.0000000000                  0.0000000000                  0.0100037491
      586                2109600.000000                 -0.0000000000                  0.0000000000                  0.0000000000                  0.0100036598
      587                2113200.000000                 -0.0000000000                  0.0000000000                  0.0000000000                  0.0100035727
      588                2116800.000000                 -0.0000000000                  0.0000000000                  0.0000000000                  0.0100034876
      589                2120400.000000                 -0.0000000000                 -0.0000000000                  0.0000000000                  0.0100034045
      590                2124000.000000                 -0.0000000000                 -0.0000000000                  0.0000000000                  0.0100033235
      591                2127600.000000                 -0.0000000000                 -0.0000000000                  0.0000000000                  0.0100032443
      592                2131200.000000                 -0.0000000000                 -0.0000000000                  0.0000000000                  0.0100031671
      593                2134800.000000                 -0.0000000000                 -0.0000000000                  0.0000000000                  0.0100030916
      594                2138400.000000                 -0.0000000000                 -0.0000000000                  0.0000000000                  0.0100030180
      595                2142000.000000                 -0.0000000000                 -0.0000000000                  0.0000000000                  0.0100029461
      596                2145600.000000                 -0.0000000000                 -0.0000000000                  0.0000000000                  0.0100028760
      597                2149200.000000                 -0.0000000000                 -0.0000000000                  0.0000000000                  0.0100028075
      598                2152800.000000                 -0.0000000000                 -0.0000000000                  0.0000000000                  0.0100027406
      599                2156400.000000                 -0.0000000000                 -0.0000000000                  0.0000000000                  0.0100026754
      600                2160000.000000                 -0.0000000000                 -0.0000000000                  0.0000000000                  0.0100026117
