coordinates
         1            0.500000            0.500000           -0.500000
         2            0.500000            0.400000           -0.500000
         3            0.500000            0.300000           -0.500000
         4            0.500000            0.200000           -0.500000
         5            0.500000            0.100000           -0.500000
         6            0.500000           -0.000000           -0.500000
         7            0.500000           -0.100000           -0.500000
         8            0.500000           -0.200000           -0.500000
         9            0.500000           -0.300000           -0.500000
        10            0.500000           -0.400000           -0.500000
        11            0.500000           -0.500000           -0.500000
        12            0.400000            0.500000           -0.500000
        13            0.400000            0.400000           -0.500000
        14            0.400000            0.300000           -0.500000
        15            0.400000            0.200000           -0.500000
        16            0.400000            0.100000           -0.500000
        17            0.400000           -0.000000           -0.500000
        18            0.400000           -0.100000           -0.500000
        19            0.400000           -0.200000           -0.500000
        20            0.400000           -0.300000           -0.500000
        21            0.400000           -0.400000           -0.500000
        22            0.400000           -0.500000           -0.500000
        23            0.300000            0.500000           -0.500000
        24            0.300000            0.400000           -0.500000
        25            0.300000            0.300000           -0.500000
        26            0.300000            0.200000           -0.500000
        27            0.300000            0.100000           -0.500000
        28            0.300000           -0.000000           -0.500000
        29            0.300000           -0.100000           -0.500000
        30            0.300000           -0.200000           -0.500000
        31            0.300000           -0.300000           -0.500000
        32            0.300000           -0.400000           -0.500000
        33            0.300000           -0.500000           -0.500000
        34            0.200000            0.500000           -0.500000
        35            0.200000            0.400000           -0.500000
        36            0.200000            0.300000           -0.500000
        37            0.200000            0.200000           -0.500000
        38            0.200000            0.100000           -0.500000
        39            0.200000           -0.000000           -0.500000
        40            0.200000           -0.100000           -0.500000
        41            0.200000           -0.200000           -0.500000
        42            0.200000           -0.300000           -0.500000
        43            0.200000           -0.400000           -0.500000
        44            0.200000           -0.500000           -0.500000
        45            0.100000            0.500000           -0.500000
        46            0.100000            0.400000           -0.500000
        47            0.100000            0.300000           -0.500000
        48            0.100000            0.200000           -0.500000
        49            0.100000            0.100000           -0.500000
        50            0.100000            0.000000           -0.500000
        51            0.100000           -0.100000           -0.500000
        52            0.100000           -0.200000           -0.500000
        53            0.100000           -0.300000           -0.500000
        54            0.100000           -0.400000           -0.500000
        55            0.100000           -0.500000           -0.500000
        56           -0.000000            0.500000           -0.500000
        57           -0.000000            0.400000           -0.500000
        58           -0.000000            0.300000           -0.500000
        59           -0.000000            0.200000           -0.500000
        60           -0.000000            0.100000           -0.500000
        61           -0.000000            0.000000           -0.500000
        62           -0.000000           -0.100000           -0.500000
        63           -0.000000           -0.200000           -0.500000
        64           -0.000000           -0.300000           -0.500000
        65           -0.000000           -0.400000           -0.500000
        66            0.000000           -0.500000           -0.500000
        67           -0.100000            0.500000           -0.500000
        68           -0.100000            0.400000           -0.500000
        69           -0.100000            0.300000           -0.500000
        70           -0.100000            0.200000           -0.500000
        71           -0.100000            0.100000           -0.500000
        72           -0.100000            0.000000           -0.500000
        73           -0.100000           -0.100000           -0.500000
        74           -0.100000           -0.200000           -0.500000
        75           -0.100000           -0.300000           -0.500000
        76           -0.100000           -0.400000           -0.500000
        77           -0.100000           -0.500000           -0.500000
        78           -0.200000            0.500000           -0.500000
        79           -0.200000            0.400000           -0.500000
        80           -0.200000            0.300000           -0.500000
        81           -0.200000            0.200000           -0.500000
        82           -0.200000            0.100000           -0.500000
        83           -0.200000            0.000000           -0.500000
        84           -0.200000           -0.100000           -0.500000
        85           -0.200000           -0.200000           -0.500000
        86           -0.200000           -0.300000           -0.500000
        87           -0.200000           -0.400000           -0.500000
        88           -0.200000           -0.500000           -0.500000
        89           -0.300000            0.500000           -0.500000
        90           -0.300000            0.400000           -0.500000
        91           -0.300000            0.300000           -0.500000
        92           -0.300000            0.200000           -0.500000
        93           -0.300000            0.100000           -0.500000
        94           -0.300000            0.000000           -0.500000
        95           -0.300000           -0.100000           -0.500000
        96           -0.300000           -0.200000           -0.500000
        97           -0.300000           -0.300000           -0.500000
        98           -0.300000           -0.400000           -0.500000
        99           -0.300000           -0.500000           -0.500000
       100           -0.400000            0.500000           -0.500000
       101           -0.400000            0.400000           -0.500000
       102           -0.400000            0.300000           -0.500000
       103           -0.400000            0.200000           -0.500000
       104           -0.400000            0.100000           -0.500000
       105           -0.400000            0.000000           -0.500000
       106           -0.400000           -0.100000           -0.500000
       107           -0.400000           -0.200000           -0.500000
       108           -0.400000           -0.300000           -0.500000
       109           -0.400000           -0.400000           -0.500000
       110           -0.400000           -0.500000           -0.500000
       111           -0.500000            0.500000           -0.500000
       112           -0.500000            0.400000           -0.500000
       113           -0.500000            0.300000           -0.500000
       114           -0.500000            0.200000           -0.500000
       115           -0.500000            0.100000           -0.500000
       116           -0.500000            0.000000           -0.500000
       117           -0.500000           -0.100000           -0.500000
       118           -0.500000           -0.200000           -0.500000
       119           -0.500000           -0.300000           -0.500000
       120           -0.500000           -0.400000           -0.500000
       121           -0.500000           -0.500000           -0.500000
       122            0.500000            0.500000           -0.400000
       123            0.500000            0.400000           -0.400000
       124            0.500000            0.300000           -0.400000
       125            0.500000            0.200000           -0.400000
       126            0.500000            0.100000           -0.400000
       127            0.500000           -0.000000           -0.400000
       128            0.500000           -0.100000           -0.400000
       129            0.500000           -0.200000           -0.400000
       130            0.500000           -0.300000           -0.400000
       131            0.500000           -0.400000           -0.400000
       132            0.500000           -0.500000           -0.400000
       133            0.400000            0.500000           -0.400000
       134            0.400000            0.400000           -0.400000
       135            0.400000            0.300000           -0.400000
       136            0.400000            0.200000           -0.400000
       137            0.400000            0.100000           -0.400000
       138            0.400000           -0.000000           -0.400000
       139            0.400000           -0.100000           -0.400000
       140            0.400000           -0.200000           -0.400000
       141            0.400000           -0.300000           -0.400000
       142            0.400000           -0.400000           -0.400000
       143            0.400000           -0.500000           -0.400000
       144            0.300000            0.500000           -0.400000
       145            0.300000            0.400000           -0.400000
       146            0.300000            0.300000           -0.400000
       147            0.300000            0.200000           -0.400000
       148            0.300000            0.100000           -0.400000
       149            0.300000           -0.000000           -0.400000
       150            0.300000           -0.100000           -0.400000
       151            0.300000           -0.200000           -0.400000
       152            0.300000           -0.300000           -0.400000
       153            0.300000           -0.400000           -0.400000
       154            0.300000           -0.500000           -0.400000
       155            0.200000            0.500000           -0.400000
       156            0.200000            0.400000           -0.400000
       157            0.200000            0.300000           -0.400000
       158            0.200000            0.200000           -0.400000
       159            0.200000            0.100000           -0.400000
       160            0.200000           -0.000000           -0.400000
       161            0.200000           -0.100000           -0.400000
       162            0.200000           -0.200000           -0.400000
       163            0.200000           -0.300000           -0.400000
       164            0.200000           -0.400000           -0.400000
       165            0.200000           -0.500000           -0.400000
       166            0.100000            0.500000           -0.400000
       167            0.100000            0.400000           -0.400000
       168            0.100000            0.300000           -0.400000
       169            0.100000            0.200000           -0.400000
       170            0.100000            0.100000           -0.400000
       171            0.100000           -0.000000           -0.400000
       172            0.100000           -0.100000           -0.400000
       173            0.100000           -0.200000           -0.400000
       174            0.100000           -0.300000           -0.400000
       175            0.100000           -0.400000           -0.400000
       176            0.100000           -0.500000           -0.400000
       177           -0.000000            0.500000           -0.400000
       178           -0.000000            0.400000           -0.400000
       179           -0.000000            0.300000           -0.400000
       180           -0.000000            0.200000           -0.400000
       181           -0.000000            0.100000           -0.400000
       182           -0.000000           -0.000000           -0.400000
       183           -0.000000           -0.100000           -0.400000
       184           -0.000000           -0.200000           -0.400000
       185           -0.000000           -0.300000           -0.400000
       186            0.000000           -0.400000           -0.400000
       187           -0.000000           -0.500000           -0.400000
       188           -0.100000            0.500000           -0.400000
       189           -0.100000            0.400000           -0.400000
       190           -0.100000            0.300000           -0.400000
       191           -0.100000            0.200000           -0.400000
       192           -0.100000            0.100000           -0.400000
       193           -0.100000           -0.000000           -0.400000
       194           -0.100000           -0.100000           -0.400000
       195           -0.100000           -0.200000           -0.400000
       196           -0.100000           -0.300000           -0.400000
       197           -0.100000           -0.400000           -0.400000
       198           -0.100000           -0.500000           -0.400000
       199           -0.200000            0.500000           -0.400000
       200           -0.200000            0.400000           -0.400000
       201           -0.200000            0.300000           -0.400000
       202           -0.200000            0.200000           -0.400000
       203           -0.200000            0.100000           -0.400000
       204           -0.200000           -0.000000           -0.400000
       205           -0.200000           -0.100000           -0.400000
       206           -0.200000           -0.200000           -0.400000
       207           -0.200000           -0.300000           -0.400000
       208           -0.200000           -0.400000           -0.400000
       209           -0.200000           -0.500000           -0.400000
       210           -0.300000            0.500000           -0.400000
       211           -0.300000            0.400000           -0.400000
       212           -0.300000            0.300000           -0.400000
       213           -0.300000            0.200000           -0.400000
       214           -0.300000            0.100000           -0.400000
       215           -0.300000            0.000000           -0.400000
       216           -0.300000           -0.100000           -0.400000
       217           -0.300000           -0.200000           -0.400000
       218           -0.300000           -0.300000           -0.400000
       219           -0.300000           -0.400000           -0.400000
       220           -0.300000           -0.500000           -0.400000
       221           -0.400000            0.500000           -0.400000
       222           -0.400000            0.400000           -0.400000
       223           -0.400000            0.300000           -0.400000
       224           -0.400000            0.200000           -0.400000
       225           -0.400000            0.100000           -0.400000
       226           -0.400000           -0.000000           -0.400000
       227           -0.400000           -0.100000           -0.400000
       228           -0.400000           -0.200000           -0.400000
       229           -0.400000           -0.300000           -0.400000
       230           -0.400000           -0.400000           -0.400000
       231           -0.400000           -0.500000           -0.400000
       232           -0.500000            0.500000           -0.400000
       233           -0.500000            0.400000           -0.400000
       234           -0.500000            0.300000           -0.400000
       235           -0.500000            0.200000           -0.400000
       236           -0.500000            0.100000           -0.400000
       237           -0.500000            0.000000           -0.400000
       238           -0.500000           -0.100000           -0.400000
       239           -0.500000           -0.200000           -0.400000
       240           -0.500000           -0.300000           -0.400000
       241           -0.500000           -0.400000           -0.400000
       242           -0.500000           -0.500000           -0.400000
       243            0.500000            0.500000           -0.300000
       244            0.500000            0.400000           -0.300000
       245            0.500000            0.300000           -0.300000
       246            0.500000            0.200000           -0.300000
       247            0.500000            0.100000           -0.300000
       248            0.500000           -0.000000           -0.300000
       249            0.500000           -0.100000           -0.300000
       250            0.500000           -0.200000           -0.300000
       251            0.500000           -0.300000           -0.300000
       252            0.500000           -0.400000           -0.300000
       253            0.500000           -0.500000           -0.300000
       254            0.400000            0.500000           -0.300000
       255            0.400000            0.400000           -0.300000
       256            0.400000            0.300000           -0.300000
       257            0.400000            0.200000           -0.300000
       258            0.400000            0.100000           -0.300000
       259            0.400000           -0.000000           -0.300000
       260            0.400000           -0.100000           -0.300000
       261            0.400000           -0.200000           -0.300000
       262            0.400000           -0.300000           -0.300000
       263            0.400000           -0.400000           -0.300000
       264            0.400000           -0.500000           -0.300000
       265            0.300000            0.500000           -0.300000
       266            0.300000            0.400000           -0.300000
       267            0.300000            0.300000           -0.300000
       268            0.300000            0.200000           -0.300000
       269            0.300000            0.100000           -0.300000
       270            0.300000            0.000000           -0.300000
       271            0.300000           -0.100000           -0.300000
       272            0.300000           -0.200000           -0.300000
       273            0.300000           -0.300000           -0.300000
       274            0.300000           -0.400000           -0.300000
       275            0.300000           -0.500000           -0.300000
       276            0.200000            0.500000           -0.300000
       277            0.200000            0.400000           -0.300000
       278            0.200000            0.300000           -0.300000
       279            0.200000            0.200000           -0.300000
       280            0.200000            0.100000           -0.300000
       281            0.200000           -0.000000           -0.300000
       282            0.200000           -0.100000           -0.300000
       283            0.200000           -0.200000           -0.300000
       284            0.200000           -0.300000           -0.300000
       285            0.200000           -0.400000           -0.300000
       286            0.200000           -0.500000           -0.300000
       287            0.100000            0.500000           -0.300000
       288            0.100000            0.400000           -0.300000
       289            0.100000            0.300000           -0.300000
       290            0.100000            0.200000           -0.300000
       291            0.100000            0.100000           -0.300000
       292            0.100000           -0.000000           -0.300000
       293            0.100000           -0.100000           -0.300000
       294            0.100000           -0.200000           -0.300000
       295            0.100000           -0.300000           -0.300000
       296            0.100000           -0.400000           -0.300000
       297            0.100000           -0.500000           -0.300000
       298           -0.000000            0.500000           -0.300000
       299           -0.000000            0.400000           -0.300000
       300            0.000000            0.300000           -0.300000
       301           -0.000000            0.200000           -0.300000
       302           -0.000000            0.100000           -0.300000
       303           -0.000000            0.000000           -0.300000
       304           -0.000000           -0.100000           -0.300000
       305            0.000000           -0.200000           -0.300000
       306           -0.000000           -0.300000           -0.300000
       307           -0.000000           -0.400000           -0.300000
       308           -0.000000           -0.500000           -0.300000
       309           -0.100000            0.500000           -0.300000
       310           -0.100000            0.400000           -0.300000
       311           -0.100000            0.300000           -0.300000
       312           -0.100000            0.200000           -0.300000
       313           -0.100000            0.100000           -0.300000
       314           -0.100000           -0.000000           -0.300000
       315           -0.100000           -0.100000           -0.300000
       316           -0.100000           -0.200000           -0.300000
       317           -0.100000           -0.300000           -0.300000
       318           -0.100000           -0.400000           -0.300000
       319           -0.100000           -0.500000           -0.300000
       320           -0.200000            0.500000           -0.300000
       321           -0.200000            0.400000           -0.300000
       322           -0.200000            0.300000           -0.300000
       323           -0.200000            0.200000           -0.300000
       324           -0.200000            0.100000           -0.300000
       325           -0.200000           -0.000000           -0.300000
       326           -0.200000           -0.100000           -0.300000
       327           -0.200000           -0.200000           -0.300000
       328           -0.200000           -0.300000           -0.300000
       329           -0.200000           -0.400000           -0.300000
       330           -0.200000           -0.500000           -0.300000
       331           -0.300000            0.500000           -0.300000
       332           -0.300000            0.400000           -0.300000
       333           -0.300000            0.300000           -0.300000
       334           -0.300000            0.200000           -0.300000
       335           -0.300000            0.100000           -0.300000
       336           -0.300000           -0.000000           -0.300000
       337           -0.300000           -0.100000           -0.300000
       338           -0.300000           -0.200000           -0.300000
       339           -0.300000           -0.300000           -0.300000
       340           -0.300000           -0.400000           -0.300000
       341           -0.300000           -0.500000           -0.300000
       342           -0.400000            0.500000           -0.300000
       343           -0.400000            0.400000           -0.300000
       344           -0.400000            0.300000           -0.300000
       345           -0.400000            0.200000           -0.300000
       346           -0.400000            0.100000           -0.300000
       347           -0.400000           -0.000000           -0.300000
       348           -0.400000           -0.100000           -0.300000
       349           -0.400000           -0.200000           -0.300000
       350           -0.400000           -0.300000           -0.300000
       351           -0.400000           -0.400000           -0.300000
       352           -0.400000           -0.500000           -0.300000
       353           -0.500000            0.500000           -0.300000
       354           -0.500000            0.400000           -0.300000
       355           -0.500000            0.300000           -0.300000
       356           -0.500000            0.200000           -0.300000
       357           -0.500000            0.100000           -0.300000
       358           -0.500000           -0.000000           -0.300000
       359           -0.500000           -0.100000           -0.300000
       360           -0.500000           -0.200000           -0.300000
       361           -0.500000           -0.300000           -0.300000
       362           -0.500000           -0.400000           -0.300000
       363           -0.500000           -0.500000           -0.300000
       364            0.500000            0.500000           -0.200000
       365            0.500000            0.400000           -0.200000
       366            0.500000            0.300000           -0.200000
       367            0.500000            0.200000           -0.200000
       368            0.500000            0.100000           -0.200000
       369            0.500000            0.000000           -0.200000
       370            0.500000           -0.100000           -0.200000
       371            0.500000           -0.200000           -0.200000
       372            0.500000           -0.300000           -0.200000
       373            0.500000           -0.400000           -0.200000
       374            0.500000           -0.500000           -0.200000
       375            0.400000            0.500000           -0.200000
       376            0.400000            0.400000           -0.200000
       377            0.400000            0.300000           -0.200000
       378            0.400000            0.200000           -0.200000
       379            0.400000            0.100000           -0.200000
       380            0.400000           -0.000000           -0.200000
       381            0.400000           -0.100000           -0.200000
       382            0.400000           -0.200000           -0.200000
       383            0.400000           -0.300000           -0.200000
       384            0.400000           -0.400000           -0.200000
       385            0.400000           -0.500000           -0.200000
       386            0.300000            0.500000           -0.200000
       387            0.300000            0.400000           -0.200000
       388            0.300000            0.300000           -0.200000
       389            0.300000            0.200000           -0.200000
       390            0.300000            0.100000           -0.200000
       391            0.300000           -0.000000           -0.200000
       392            0.300000           -0.100000           -0.200000
       393            0.300000           -0.200000           -0.200000
       394            0.300000           -0.300000           -0.200000
       395            0.300000           -0.400000           -0.200000
       396            0.300000           -0.500000           -0.200000
       397            0.200000            0.500000           -0.200000
       398            0.200000            0.400000           -0.200000
       399            0.200000            0.300000           -0.200000
       400            0.200000            0.200000           -0.200000
       401            0.200000            0.100000           -0.200000
       402            0.200000           -0.000000           -0.200000
       403            0.200000           -0.100000           -0.200000
       404            0.200000           -0.200000           -0.200000
       405            0.200000           -0.300000           -0.200000
       406            0.200000           -0.400000           -0.200000
       407            0.200000           -0.500000           -0.200000
       408            0.100000            0.500000           -0.200000
       409            0.100000            0.400000           -0.200000
       410            0.100000            0.300000           -0.200000
       411            0.100000            0.200000           -0.200000
       412            0.100000            0.100000           -0.200000
       413            0.100000            0.000000           -0.200000
       414            0.100000           -0.100000           -0.200000
       415            0.100000           -0.200000           -0.200000
       416            0.100000           -0.300000           -0.200000
       417            0.100000           -0.400000           -0.200000
       418            0.100000           -0.500000           -0.200000
       419            0.000000            0.500000           -0.200000
       420           -0.000000            0.400000           -0.200000
       421           -0.000000            0.300000           -0.200000
       422            0.000000            0.200000           -0.200000
       423           -0.000000            0.100000           -0.200000
       424            0.000000            0.000000           -0.200000
       425           -0.000000           -0.100000           -0.200000
       426            0.000000           -0.200000           -0.200000
       427           -0.000000           -0.300000           -0.200000
       428           -0.000000           -0.400000           -0.200000
       429            0.000000           -0.500000           -0.200000
       430           -0.100000            0.500000           -0.200000
       431           -0.100000            0.400000           -0.200000
       432           -0.100000            0.300000           -0.200000
       433           -0.100000            0.200000           -0.200000
       434           -0.100000            0.100000           -0.200000
       435           -0.100000            0.000000           -0.200000
       436           -0.100000           -0.100000           -0.200000
       437           -0.100000           -0.200000           -0.200000
       438           -0.100000           -0.300000           -0.200000
       439           -0.100000           -0.400000           -0.200000
       440           -0.100000           -0.500000           -0.200000
       441           -0.200000            0.500000           -0.200000
       442           -0.200000            0.400000           -0.200000
       443           -0.200000            0.300000           -0.200000
       444           -0.200000            0.200000           -0.200000
       445           -0.200000            0.100000           -0.200000
       446           -0.200000            0.000000           -0.200000
       447           -0.200000           -0.100000           -0.200000
       448           -0.200000           -0.200000           -0.200000
       449           -0.200000           -0.300000           -0.200000
       450           -0.200000           -0.400000           -0.200000
       451           -0.200000           -0.500000           -0.200000
       452           -0.300000            0.500000           -0.200000
       453           -0.300000            0.400000           -0.200000
       454           -0.300000            0.300000           -0.200000
       455           -0.300000            0.200000           -0.200000
       456           -0.300000            0.100000           -0.200000
       457           -0.300000           -0.000000           -0.200000
       458           -0.300000           -0.100000           -0.200000
       459           -0.300000           -0.200000           -0.200000
       460           -0.300000           -0.300000           -0.200000
       461           -0.300000           -0.400000           -0.200000
       462           -0.300000           -0.500000           -0.200000
       463           -0.400000            0.500000           -0.200000
       464           -0.400000            0.400000           -0.200000
       465           -0.400000            0.300000           -0.200000
       466           -0.400000            0.200000           -0.200000
       467           -0.400000            0.100000           -0.200000
       468           -0.400000           -0.000000           -0.200000
       469           -0.400000           -0.100000           -0.200000
       470           -0.400000           -0.200000           -0.200000
       471           -0.400000           -0.300000           -0.200000
       472           -0.400000           -0.400000           -0.200000
       473           -0.400000           -0.500000           -0.200000
       474           -0.500000            0.500000           -0.200000
       475           -0.500000            0.400000           -0.200000
       476           -0.500000            0.300000           -0.200000
       477           -0.500000            0.200000           -0.200000
       478           -0.500000            0.100000           -0.200000
       479           -0.500000           -0.000000           -0.200000
       480           -0.500000           -0.100000           -0.200000
       481           -0.500000           -0.200000           -0.200000
       482           -0.500000           -0.300000           -0.200000
       483           -0.500000           -0.400000           -0.200000
       484           -0.500000           -0.500000           -0.200000
       485            0.500000            0.500000           -0.100000
       486            0.500000            0.400000           -0.100000
       487            0.500000            0.300000           -0.100000
       488            0.500000            0.200000           -0.100000
       489            0.500000            0.100000           -0.100000
       490            0.500000           -0.000000           -0.100000
       491            0.500000           -0.100000           -0.100000
       492            0.500000           -0.200000           -0.100000
       493            0.500000           -0.300000           -0.100000
       494            0.500000           -0.400000           -0.100000
       495            0.500000           -0.500000           -0.100000
       496            0.400000            0.500000           -0.100000
       497            0.400000            0.400000           -0.100000
       498            0.400000            0.300000           -0.100000
       499            0.400000            0.200000           -0.100000
       500            0.400000            0.100000           -0.100000
       501            0.400000           -0.000000           -0.100000
       502            0.400000           -0.100000           -0.100000
       503            0.400000           -0.200000           -0.100000
       504            0.400000           -0.300000           -0.100000
       505            0.400000           -0.400000           -0.100000
       506            0.400000           -0.500000           -0.100000
       507            0.300000            0.500000           -0.100000
       508            0.300000            0.400000           -0.100000
       509            0.300000            0.300000           -0.100000
       510            0.300000            0.200000           -0.100000
       511            0.300000            0.100000           -0.100000
       512            0.300000           -0.000000           -0.100000
       513            0.300000           -0.100000           -0.100000
       514            0.300000           -0.200000           -0.100000
       515            0.300000           -0.300000           -0.100000
       516            0.300000           -0.400000           -0.100000
       517            0.300000           -0.500000           -0.100000
       518            0.200000            0.500000           -0.100000
       519            0.200000            0.400000           -0.100000
       520            0.200000            0.300000           -0.100000
       521            0.200000            0.200000           -0.100000
       522            0.200000            0.100000           -0.100000
       523            0.200000           -0.000000           -0.100000
       524            0.200000           -0.100000           -0.100000
       525            0.200000           -0.200000           -0.100000
       526            0.200000           -0.300000           -0.100000
       527            0.200000           -0.400000           -0.100000
       528            0.200000           -0.500000           -0.100000
       529            0.100000            0.500000           -0.100000
       530            0.100000            0.400000           -0.100000
       531            0.100000            0.300000           -0.100000
       532            0.100000            0.200000           -0.100000
       533            0.100000            0.100000           -0.100000
       534            0.100000           -0.000000           -0.100000
       535            0.100000           -0.100000           -0.100000
       536            0.100000           -0.200000           -0.100000
       537            0.100000           -0.300000           -0.100000
       538            0.100000           -0.400000           -0.100000
       539            0.100000           -0.500000           -0.100000
       540           -0.000000            0.500000           -0.100000
       541           -0.000000            0.400000           -0.100000
       542           -0.000000            0.300000           -0.100000
       543           -0.000000            0.200000           -0.100000
       544           -0.000000            0.100000           -0.100000
       545            0.000000            0.000000           -0.100000
       546           -0.000000           -0.100000           -0.100000
       547           -0.000000           -0.200000           -0.100000
       548           -0.000000           -0.300000           -0.100000
       549           -0.000000           -0.400000           -0.100000
       550           -0.000000           -0.500000           -0.100000
       551           -0.100000            0.500000           -0.100000
       552           -0.100000            0.400000           -0.100000
       553           -0.100000            0.300000           -0.100000
       554           -0.100000            0.200000           -0.100000
       555           -0.100000            0.100000           -0.100000
       556           -0.100000           -0.000000           -0.100000
       557           -0.100000           -0.100000           -0.100000
       558           -0.100000           -0.200000           -0.100000
       559           -0.100000           -0.300000           -0.100000
       560           -0.100000           -0.400000           -0.100000
       561           -0.100000           -0.500000           -0.100000
       562           -0.200000            0.500000           -0.100000
       563           -0.200000            0.400000           -0.100000
       564           -0.200000            0.300000           -0.100000
       565           -0.200000            0.200000           -0.100000
       566           -0.200000            0.100000           -0.100000
       567           -0.200000            0.000000           -0.100000
       568           -0.200000           -0.100000           -0.100000
       569           -0.200000           -0.200000           -0.100000
       570           -0.200000           -0.300000           -0.100000
       571           -0.200000           -0.400000           -0.100000
       572           -0.200000           -0.500000           -0.100000
       573           -0.300000            0.500000           -0.100000
       574           -0.300000            0.400000           -0.100000
       575           -0.300000            0.300000           -0.100000
       576           -0.300000            0.200000           -0.100000
       577           -0.300000            0.100000           -0.100000
       578           -0.300000            0.000000           -0.100000
       579           -0.300000           -0.100000           -0.100000
       580           -0.300000           -0.200000           -0.100000
       581           -0.300000           -0.300000           -0.100000
       582           -0.300000           -0.400000           -0.100000
       583           -0.300000           -0.500000           -0.100000
       584           -0.400000            0.500000           -0.100000
       585           -0.400000            0.400000           -0.100000
       586           -0.400000            0.300000           -0.100000
       587           -0.400000            0.200000           -0.100000
       588           -0.400000            0.100000           -0.100000
       589           -0.400000           -0.000000           -0.100000
       590           -0.400000           -0.100000           -0.100000
       591           -0.400000           -0.200000           -0.100000
       592           -0.400000           -0.300000           -0.100000
       593           -0.400000           -0.400000           -0.100000
       594           -0.400000           -0.500000           -0.100000
       595           -0.500000            0.500000           -0.100000
       596           -0.500000            0.400000           -0.100000
       597           -0.500000            0.300000           -0.100000
       598           -0.500000            0.200000           -0.100000
       599           -0.500000            0.100000           -0.100000
       600           -0.500000           -0.000000           -0.100000
       601           -0.500000           -0.100000           -0.100000
       602           -0.500000           -0.200000           -0.100000
       603           -0.500000           -0.300000           -0.100000
       604           -0.500000           -0.400000           -0.100000
       605           -0.500000           -0.500000           -0.100000
       606            0.500000            0.500000            0.000000
       607            0.500000            0.400000            0.000000
       608            0.500000            0.300000            0.000000
       609            0.500000            0.200000            0.000000
       610            0.500000            0.100000            0.000000
       611            0.500000           -0.000000            0.000000
       612            0.500000           -0.100000            0.000000
       613            0.500000           -0.200000            0.000000
       614            0.500000           -0.300000            0.000000
       615            0.500000           -0.400000            0.000000
       616            0.500000           -0.500000            0.000000
       617            0.400000            0.500000            0.000000
       618            0.400000            0.400000            0.000000
       619            0.400000            0.300000           -0.000000
       620            0.400000            0.200000            0.000000
       621            0.400000            0.100000            0.000000
       622            0.400000           -0.000000            0.000000
       623            0.400000           -0.100000            0.000000
       624            0.400000           -0.200000            0.000000
       625            0.400000           -0.300000            0.000000
       626            0.400000           -0.400000           -0.000000
       627            0.400000           -0.500000            0.000000
       628            0.300000            0.500000            0.000000
       629            0.300000            0.400000           -0.000000
       630            0.300000            0.300000           -0.000000
       631            0.300000            0.200000            0.000000
       632            0.300000            0.100000            0.000000
       633            0.300000           -0.000000           -0.000000
       634            0.300000           -0.100000           -0.000000
       635            0.300000           -0.200000            0.000000
       636            0.300000           -0.300000            0.000000
       637            0.300000           -0.400000            0.000000
       638            0.300000           -0.500000            0.000000
       639            0.200000            0.500000            0.000000
       640            0.200000            0.400000            0.000000
       641            0.200000            0.300000            0.000000
       642            0.200000            0.200000            0.000000
       643            0.200000            0.100000            0.000000
       644            0.200000           -0.000000            0.000000
       645            0.200000           -0.100000            0.000000
       646            0.200000           -0.200000           -0.000000
       647            0.200000           -0.300000           -0.000000
       648            0.200000           -0.400000            0.000000
       649            0.200000           -0.500000            0.000000
       650            0.100000            0.500000            0.000000
       651            0.100000            0.400000           -0.000000
       652            0.100000            0.300000            0.000000
       653            0.100000            0.200000           -0.000000
       654            0.100000            0.100000           -0.000000
       655            0.100000           -0.000000           -0.000000
       656            0.100000           -0.100000           -0.000000
       657            0.100000           -0.200000            0.000000
       658            0.100000           -0.300000           -0.000000
       659            0.100000           -0.400000            0.000000
       660            0.100000           -0.500000           -0.000000
       661           -0.000000            0.500000            0.000000
       662           -0.000000            0.400000            0.000000
       663           -0.000000            0.300000            0.000000
       664           -0.000000            0.200000           -0.000000
       665           -0.000000            0.100000           -0.000000
       666           -0.000000           -0.000000            0.000000
       667           -0.000000           -0.100000            0.000000
       668           -0.000000           -0.200000            0.000000
       669           -0.000000           -0.300000            0.000000
       670           -0.000000           -0.400000           -0.000000
       671           -0.000000           -0.500000            0.000000
       672           -0.100000            0.500000            0.000000
       673           -0.100000            0.400000           -0.000000
       674           -0.100000            0.300000            0.000000
       675           -0.100000            0.200000           -0.000000
       676           -0.100000            0.100000            0.000000
       677           -0.100000           -0.000000           -0.000000
       678           -0.100000           -0.100000           -0.000000
       679           -0.100000           -0.200000            0.000000
       680           -0.100000           -0.300000            0.000000
       681           -0.100000           -0.400000            0.000000
       682           -0.100000           -0.500000            0.000000
       683           -0.200000            0.500000            0.000000
       684           -0.200000            0.400000            0.000000
       685           -0.200000            0.300000            0.000000
       686           -0.200000            0.200000            0.000000
       687           -0.200000            0.100000            0.000000
       688           -0.200000           -0.000000           -0.000000
       689           -0.200000           -0.100000            0.000000
       690           -0.200000           -0.200000           -0.000000
       691           -0.200000           -0.300000           -0.000000
       692           -0.200000           -0.400000           -0.000000
       693           -0.200000           -0.500000            0.000000
       694           -0.300000            0.500000            0.000000
       695           -0.300000            0.400000            0.000000
       696           -0.300000            0.300000           -0.000000
       697           -0.300000            0.200000            0.000000
       698           -0.300000            0.100000            0.000000
       699           -0.300000           -0.000000            0.000000
       700           -0.300000           -0.100000            0.000000
       701           -0.300000           -0.200000            0.000000
       702           -0.300000           -0.300000            0.000000
       703           -0.300000           -0.400000           -0.000000
       704           -0.300000           -0.500000            0.000000
       705           -0.400000            0.500000            0.000000
       706           -0.400000            0.400000            0.000000
       707           -0.400000            0.300000           -0.000000
       708           -0.400000            0.200000            0.000000
       709           -0.400000            0.100000            0.000000
       710           -0.400000           -0.000000            0.000000
       711           -0.400000           -0.100000            0.000000
       712           -0.400000           -0.200000           -0.000000
       713           -0.400000           -0.300000            0.000000
       714           -0.400000           -0.400000            0.000000
       715           -0.400000           -0.500000            0.000000
       716           -0.500000            0.500000            0.000000
       717           -0.500000            0.400000            0.000000
       718           -0.500000            0.300000            0.000000
       719           -0.500000            0.200000            0.000000
       720           -0.500000            0.100000            0.000000
       721           -0.500000           -0.000000           -0.000000
       722           -0.500000           -0.100000            0.000000
       723           -0.500000           -0.200000           -0.000000
       724           -0.500000           -0.300000           -0.000000
       725           -0.500000           -0.400000            0.000000
       726           -0.500000           -0.500000            0.000000
       727            0.500000            0.500000            0.100000
       728            0.500000            0.400000            0.100000
       729            0.500000            0.300000            0.100000
       730            0.500000            0.200000            0.100000
       731            0.500000            0.100000            0.100000
       732            0.500000           -0.000000            0.100000
       733            0.500000           -0.100000            0.100000
       734            0.500000           -0.200000            0.100000
       735            0.500000           -0.300000            0.100000
       736            0.500000           -0.400000            0.100000
       737            0.500000           -0.500000            0.100000
       738            0.400000            0.500000            0.100000
       739            0.400000            0.400000            0.100000
       740            0.400000            0.300000            0.100000
       741            0.400000            0.200000            0.100000
       742            0.400000            0.100000            0.100000
       743            0.400000           -0.000000            0.100000
       744            0.400000           -0.100000            0.100000
       745            0.400000           -0.200000            0.100000
       746            0.400000           -0.300000            0.100000
       747            0.400000           -0.400000            0.100000
       748            0.400000           -0.500000            0.100000
       749            0.300000            0.500000            0.100000
       750            0.300000            0.400000            0.100000
       751            0.300000            0.300000            0.100000
       752            0.300000            0.200000            0.100000
       753            0.300000            0.100000            0.100000
       754            0.300000           -0.000000            0.100000
       755            0.300000           -0.100000            0.100000
       756            0.300000           -0.200000            0.100000
       757            0.300000           -0.300000            0.100000
       758            0.300000           -0.400000            0.100000
       759            0.300000           -0.500000            0.100000
       760            0.200000            0.500000            0.100000
       761            0.200000            0.400000            0.100000
       762            0.200000            0.300000            0.100000
       763            0.200000            0.200000            0.100000
       764            0.200000            0.100000            0.100000
       765            0.200000           -0.000000            0.100000
       766            0.200000           -0.100000            0.100000
       767            0.200000           -0.200000            0.100000
       768            0.200000           -0.300000            0.100000
       769            0.200000           -0.400000            0.100000
       770            0.200000           -0.500000            0.100000
       771            0.100000            0.500000            0.100000
       772            0.100000            0.400000            0.100000
       773            0.100000            0.300000            0.100000
       774            0.100000            0.200000            0.100000
       775            0.100000            0.100000            0.100000
       776            0.100000           -0.000000            0.100000
       777            0.100000           -0.100000            0.100000
       778            0.100000           -0.200000            0.100000
       779            0.100000           -0.300000            0.100000
       780            0.100000           -0.400000            0.100000
       781            0.100000           -0.500000            0.100000
       782           -0.000000            0.500000            0.100000
       783           -0.000000            0.400000            0.100000
       784           -0.000000            0.300000            0.100000
       785            0.000000            0.200000            0.100000
       786           -0.000000            0.100000            0.100000
       787           -0.000000           -0.000000            0.100000
       788            0.000000           -0.100000            0.100000
       789           -0.000000           -0.200000            0.100000
       790           -0.000000           -0.300000            0.100000
       791            0.000000           -0.400000            0.100000
       792            0.000000           -0.500000            0.100000
       793           -0.100000            0.500000            0.100000
       794           -0.100000            0.400000            0.100000
       795           -0.100000            0.300000            0.100000
       796           -0.100000            0.200000            0.100000
       797           -0.100000            0.100000            0.100000
       798           -0.100000           -0.000000            0.100000
       799           -0.100000           -0.100000            0.100000
       800           -0.100000           -0.200000            0.100000
       801           -0.100000           -0.300000            0.100000
       802           -0.100000           -0.400000            0.100000
       803           -0.100000           -0.500000            0.100000
       804           -0.200000            0.500000            0.100000
       805           -0.200000            0.400000            0.100000
       806           -0.200000            0.300000            0.100000
       807           -0.200000            0.200000            0.100000
       808           -0.200000            0.100000            0.100000
       809           -0.200000            0.000000            0.100000
       810           -0.200000           -0.100000            0.100000
       811           -0.200000           -0.200000            0.100000
       812           -0.200000           -0.300000            0.100000
       813           -0.200000           -0.400000            0.100000
       814           -0.200000           -0.500000            0.100000
       815           -0.300000            0.500000            0.100000
       816           -0.300000            0.400000            0.100000
       817           -0.300000            0.300000            0.100000
       818           -0.300000            0.200000            0.100000
       819           -0.300000            0.100000            0.100000
       820           -0.300000            0.000000            0.100000
       821           -0.300000           -0.100000            0.100000
       822           -0.300000           -0.200000            0.100000
       823           -0.300000           -0.300000            0.100000
       824           -0.300000           -0.400000            0.100000
       825           -0.300000           -0.500000            0.100000
       826           -0.400000            0.500000            0.100000
       827           -0.400000            0.400000            0.100000
       828           -0.400000            0.300000            0.100000
       829           -0.400000            0.200000            0.100000
       830           -0.400000            0.100000            0.100000
       831           -0.400000           -0.000000            0.100000
       832           -0.400000           -0.100000            0.100000
       833           -0.400000           -0.200000            0.100000
       834           -0.400000           -0.300000            0.100000
       835           -0.400000           -0.400000            0.100000
       836           -0.400000           -0.500000            0.100000
       837           -0.500000            0.500000            0.100000
       838           -0.500000            0.400000            0.100000
       839           -0.500000            0.300000            0.100000
       840           -0.500000            0.200000            0.100000
       841           -0.500000            0.100000            0.100000
       842           -0.500000           -0.000000            0.100000
       843           -0.500000           -0.100000            0.100000
       844           -0.500000           -0.200000            0.100000
       845           -0.500000           -0.300000            0.100000
       846           -0.500000           -0.400000            0.100000
       847           -0.500000           -0.500000            0.100000
       848            0.500000            0.500000            0.200000
       849            0.500000            0.400000            0.200000
       850            0.500000            0.300000            0.200000
       851            0.500000            0.200000            0.200000
       852            0.500000            0.100000            0.200000
       853            0.500000           -0.000000            0.200000
       854            0.500000           -0.100000            0.200000
       855            0.500000           -0.200000            0.200000
       856            0.500000           -0.300000            0.200000
       857            0.500000           -0.400000            0.200000
       858            0.500000           -0.500000            0.200000
       859            0.400000            0.500000            0.200000
       860            0.400000            0.400000            0.200000
       861            0.400000            0.300000            0.200000
       862            0.400000            0.200000            0.200000
       863            0.400000            0.100000            0.200000
       864            0.400000           -0.000000            0.200000
       865            0.400000           -0.100000            0.200000
       866            0.400000           -0.200000            0.200000
       867            0.400000           -0.300000            0.200000
       868            0.400000           -0.400000            0.200000
       869            0.400000           -0.500000            0.200000
       870            0.300000            0.500000            0.200000
       871            0.300000            0.400000            0.200000
       872            0.300000            0.300000            0.200000
       873            0.300000            0.200000            0.200000
       874            0.300000            0.100000            0.200000
       875            0.300000           -0.000000            0.200000
       876            0.300000           -0.100000            0.200000
       877            0.300000           -0.200000            0.200000
       878            0.300000           -0.300000            0.200000
       879            0.300000           -0.400000            0.200000
       880            0.300000           -0.500000            0.200000
       881            0.200000            0.500000            0.200000
       882            0.200000            0.400000            0.200000
       883            0.200000            0.300000            0.200000
       884            0.200000            0.200000            0.200000
       885            0.200000            0.100000            0.200000
       886            0.200000           -0.000000            0.200000
       887            0.200000           -0.100000            0.200000
       888            0.200000           -0.200000            0.200000
       889            0.200000           -0.300000            0.200000
       890            0.200000           -0.400000            0.200000
       891            0.200000           -0.500000            0.200000
       892            0.100000            0.500000            0.200000
       893            0.100000            0.400000            0.200000
       894            0.100000            0.300000            0.200000
       895            0.100000            0.200000            0.200000
       896            0.100000            0.100000            0.200000
       897            0.100000           -0.000000            0.200000
       898            0.100000           -0.100000            0.200000
       899            0.100000           -0.200000            0.200000
       900            0.100000           -0.300000            0.200000
       901            0.100000           -0.400000            0.200000
       902            0.100000           -0.500000            0.200000
       903           -0.000000            0.500000            0.200000
       904           -0.000000            0.400000            0.200000
       905           -0.000000            0.300000            0.200000
       906           -0.000000            0.200000            0.200000
       907           -0.000000            0.100000            0.200000
       908           -0.000000           -0.000000            0.200000
       909           -0.000000           -0.100000            0.200000
       910           -0.000000           -0.200000            0.200000
       911           -0.000000           -0.300000            0.200000
       912            0.000000           -0.400000            0.200000
       913            0.000000           -0.500000            0.200000
       914           -0.100000            0.500000            0.200000
       915           -0.100000            0.400000            0.200000
       916           -0.100000            0.300000            0.200000
       917           -0.100000            0.200000            0.200000
       918           -0.100000            0.100000            0.200000
       919           -0.100000           -0.000000            0.200000
       920           -0.100000           -0.100000            0.200000
       921           -0.100000           -0.200000            0.200000
       922           -0.100000           -0.300000            0.200000
       923           -0.100000           -0.400000            0.200000
       924           -0.100000           -0.500000            0.200000
       925           -0.200000            0.500000            0.200000
       926           -0.200000            0.400000            0.200000
       927           -0.200000            0.300000            0.200000
       928           -0.200000            0.200000            0.200000
       929           -0.200000            0.100000            0.200000
       930           -0.200000           -0.000000            0.200000
       931           -0.200000           -0.100000            0.200000
       932           -0.200000           -0.200000            0.200000
       933           -0.200000           -0.300000            0.200000
       934           -0.200000           -0.400000            0.200000
       935           -0.200000           -0.500000            0.200000
       936           -0.300000            0.500000            0.200000
       937           -0.300000            0.400000            0.200000
       938           -0.300000            0.300000            0.200000
       939           -0.300000            0.200000            0.200000
       940           -0.300000            0.100000            0.200000
       941           -0.300000            0.000000            0.200000
       942           -0.300000           -0.100000            0.200000
       943           -0.300000           -0.200000            0.200000
       944           -0.300000           -0.300000            0.200000
       945           -0.300000           -0.400000            0.200000
       946           -0.300000           -0.500000            0.200000
       947           -0.400000            0.500000            0.200000
       948           -0.400000            0.400000            0.200000
       949           -0.400000            0.300000            0.200000
       950           -0.400000            0.200000            0.200000
       951           -0.400000            0.100000            0.200000
       952           -0.400000           -0.000000            0.200000
       953           -0.400000           -0.100000            0.200000
       954           -0.400000           -0.200000            0.200000
       955           -0.400000           -0.300000            0.200000
       956           -0.400000           -0.400000            0.200000
       957           -0.400000           -0.500000            0.200000
       958           -0.500000            0.500000            0.200000
       959           -0.500000            0.400000            0.200000
       960           -0.500000            0.300000            0.200000
       961           -0.500000            0.200000            0.200000
       962           -0.500000            0.100000            0.200000
       963           -0.500000           -0.000000            0.200000
       964           -0.500000           -0.100000            0.200000
       965           -0.500000           -0.200000            0.200000
       966           -0.500000           -0.300000            0.200000
       967           -0.500000           -0.400000            0.200000
       968           -0.500000           -0.500000            0.200000
       969            0.500000            0.500000            0.300000
       970            0.500000            0.400000            0.300000
       971            0.500000            0.300000            0.300000
       972            0.500000            0.200000            0.300000
       973            0.500000            0.100000            0.300000
       974            0.500000            0.000000            0.300000
       975            0.500000           -0.100000            0.300000
       976            0.500000           -0.200000            0.300000
       977            0.500000           -0.300000            0.300000
       978            0.500000           -0.400000            0.300000
       979            0.500000           -0.500000            0.300000
       980            0.400000            0.500000            0.300000
       981            0.400000            0.400000            0.300000
       982            0.400000            0.300000            0.300000
       983            0.400000            0.200000            0.300000
       984            0.400000            0.100000            0.300000
       985            0.400000           -0.000000            0.300000
       986            0.400000           -0.100000            0.300000
       987            0.400000           -0.200000            0.300000
       988            0.400000           -0.300000            0.300000
       989            0.400000           -0.400000            0.300000
       990            0.400000           -0.500000            0.300000
       991            0.300000            0.500000            0.300000
       992            0.300000            0.400000            0.300000
       993            0.300000            0.300000            0.300000
       994            0.300000            0.200000            0.300000
       995            0.300000            0.100000            0.300000
       996            0.300000           -0.000000            0.300000
       997            0.300000           -0.100000            0.300000
       998            0.300000           -0.200000            0.300000
       999            0.300000           -0.300000            0.300000
      1000            0.300000           -0.400000            0.300000
      1001            0.300000           -0.500000            0.300000
      1002            0.200000            0.500000            0.300000
      1003            0.200000            0.400000            0.300000
      1004            0.200000            0.300000            0.300000
      1005            0.200000            0.200000            0.300000
      1006            0.200000            0.100000            0.300000
      1007            0.200000           -0.000000            0.300000
      1008            0.200000           -0.100000            0.300000
      1009            0.200000           -0.200000            0.300000
      1010            0.200000           -0.300000            0.300000
      1011            0.200000           -0.400000            0.300000
      1012            0.200000           -0.500000            0.300000
      1013            0.100000            0.500000            0.300000
      1014            0.100000            0.400000            0.300000
      1015            0.100000            0.300000            0.300000
      1016            0.100000            0.200000            0.300000
      1017            0.100000            0.100000            0.300000
      1018            0.100000            0.000000            0.300000
      1019            0.100000           -0.100000            0.300000
      1020            0.100000           -0.200000            0.300000
      1021            0.100000           -0.300000            0.300000
      1022            0.100000           -0.400000            0.300000
      1023            0.100000           -0.500000            0.300000
      1024            0.000000            0.500000            0.300000
      1025           -0.000000            0.400000            0.300000
      1026           -0.000000            0.300000            0.300000
      1027           -0.000000            0.200000            0.300000
      1028           -0.000000            0.100000            0.300000
      1029           -0.000000           -0.000000            0.300000
      1030           -0.000000           -0.100000            0.300000
      1031           -0.000000           -0.200000            0.300000
      1032           -0.000000           -0.300000            0.300000
      1033           -0.000000           -0.400000            0.300000
      1034           -0.000000           -0.500000            0.300000
      1035           -0.100000            0.500000            0.300000
      1036           -0.100000            0.400000            0.300000
      1037           -0.100000            0.300000            0.300000
      1038           -0.100000            0.200000            0.300000
      1039           -0.100000            0.100000            0.300000
      1040           -0.100000           -0.000000            0.300000
      1041           -0.100000           -0.100000            0.300000
      1042           -0.100000           -0.200000            0.300000
      1043           -0.100000           -0.300000            0.300000
      1044           -0.100000           -0.400000            0.300000
      1045           -0.100000           -0.500000            0.300000
      1046           -0.200000            0.500000            0.300000
      1047           -0.200000            0.400000            0.300000
      1048           -0.200000            0.300000            0.300000
      1049           -0.200000            0.200000            0.300000
      1050           -0.200000            0.100000            0.300000
      1051           -0.200000           -0.000000            0.300000
      1052           -0.200000           -0.100000            0.300000
      1053           -0.200000           -0.200000            0.300000
      1054           -0.200000           -0.300000            0.300000
      1055           -0.200000           -0.400000            0.300000
      1056           -0.200000           -0.500000            0.300000
      1057           -0.300000            0.500000            0.300000
      1058           -0.300000            0.400000            0.300000
      1059           -0.300000            0.300000            0.300000
      1060           -0.300000            0.200000            0.300000
      1061           -0.300000            0.100000            0.300000
      1062           -0.300000            0.000000            0.300000
      1063           -0.300000           -0.100000            0.300000
      1064           -0.300000           -0.200000            0.300000
      1065           -0.300000           -0.300000            0.300000
      1066           -0.300000           -0.400000            0.300000
      1067           -0.300000           -0.500000            0.300000
      1068           -0.400000            0.500000            0.300000
      1069           -0.400000            0.400000            0.300000
      1070           -0.400000            0.300000            0.300000
      1071           -0.400000            0.200000            0.300000
      1072           -0.400000            0.100000            0.300000
      1073           -0.400000           -0.000000            0.300000
      1074           -0.400000           -0.100000            0.300000
      1075           -0.400000           -0.200000            0.300000
      1076           -0.400000           -0.300000            0.300000
      1077           -0.400000           -0.400000            0.300000
      1078           -0.400000           -0.500000            0.300000
      1079           -0.500000            0.500000            0.300000
      1080           -0.500000            0.400000            0.300000
      1081           -0.500000            0.300000            0.300000
      1082           -0.500000            0.200000            0.300000
      1083           -0.500000            0.100000            0.300000
      1084           -0.500000            0.000000            0.300000
      1085           -0.500000           -0.100000            0.300000
      1086           -0.500000           -0.200000            0.300000
      1087           -0.500000           -0.300000            0.300000
      1088           -0.500000           -0.400000            0.300000
      1089           -0.500000           -0.500000            0.300000
      1090            0.500000            0.500000            0.400000
      1091            0.500000            0.400000            0.400000
      1092            0.500000            0.300000            0.400000
      1093            0.500000            0.200000            0.400000
      1094            0.500000            0.100000            0.400000
      1095            0.500000           -0.000000            0.400000
      1096            0.500000           -0.100000            0.400000
      1097            0.500000           -0.200000            0.400000
      1098            0.500000           -0.300000            0.400000
      1099            0.500000           -0.400000            0.400000
      1100            0.500000           -0.500000            0.400000
      1101            0.400000            0.500000            0.400000
      1102            0.400000            0.400000            0.400000
      1103            0.400000            0.300000            0.400000
      1104            0.400000            0.200000            0.400000
      1105            0.400000            0.100000            0.400000
      1106            0.400000           -0.000000            0.400000
      1107            0.400000           -0.100000            0.400000
      1108            0.400000           -0.200000            0.400000
      1109            0.400000           -0.300000            0.400000
      1110            0.400000           -0.400000            0.400000
      1111            0.400000           -0.500000            0.400000
      1112            0.300000            0.500000            0.400000
      1113            0.300000            0.400000            0.400000
      1114            0.300000            0.300000            0.400000
      1115            0.300000            0.200000            0.400000
      1116            0.300000            0.100000            0.400000
      1117            0.300000           -0.000000            0.400000
      1118            0.300000           -0.100000            0.400000
      1119            0.300000           -0.200000            0.400000
      1120            0.300000           -0.300000            0.400000
      1121            0.300000           -0.400000            0.400000
      1122            0.300000           -0.500000            0.400000
      1123            0.200000            0.500000            0.400000
      1124            0.200000            0.400000            0.400000
      1125            0.200000            0.300000            0.400000
      1126            0.200000            0.200000            0.400000
      1127            0.200000            0.100000            0.400000
      1128            0.200000           -0.000000            0.400000
      1129            0.200000           -0.100000            0.400000
      1130            0.200000           -0.200000            0.400000
      1131            0.200000           -0.300000            0.400000
      1132            0.200000           -0.400000            0.400000
      1133            0.200000           -0.500000            0.400000
      1134            0.100000            0.500000            0.400000
      1135            0.100000            0.400000            0.400000
      1136            0.100000            0.300000            0.400000
      1137            0.100000            0.200000            0.400000
      1138            0.100000            0.100000            0.400000
      1139            0.100000           -0.000000            0.400000
      1140            0.100000           -0.100000            0.400000
      1141            0.100000           -0.200000            0.400000
      1142            0.100000           -0.300000            0.400000
      1143            0.100000           -0.400000            0.400000
      1144            0.100000           -0.500000            0.400000
      1145           -0.000000            0.500000            0.400000
      1146           -0.000000            0.400000            0.400000
      1147           -0.000000            0.300000            0.400000
      1148           -0.000000            0.200000            0.400000
      1149           -0.000000            0.100000            0.400000
      1150           -0.000000           -0.000000            0.400000
      1151           -0.000000           -0.100000            0.400000
      1152           -0.000000           -0.200000            0.400000
      1153           -0.000000           -0.300000            0.400000
      1154           -0.000000           -0.400000            0.400000
      1155           -0.000000           -0.500000            0.400000
      1156           -0.100000            0.500000            0.400000
      1157           -0.100000            0.400000            0.400000
      1158           -0.100000            0.300000            0.400000
      1159           -0.100000            0.200000            0.400000
      1160           -0.100000            0.100000            0.400000
      1161           -0.100000           -0.000000            0.400000
      1162           -0.100000           -0.100000            0.400000
      1163           -0.100000           -0.200000            0.400000
      1164           -0.100000           -0.300000            0.400000
      1165           -0.100000           -0.400000            0.400000
      1166           -0.100000           -0.500000            0.400000
      1167           -0.200000            0.500000            0.400000
      1168           -0.200000            0.400000            0.400000
      1169           -0.200000            0.300000            0.400000
      1170           -0.200000            0.200000            0.400000
      1171           -0.200000            0.100000            0.400000
      1172           -0.200000           -0.000000            0.400000
      1173           -0.200000           -0.100000            0.400000
      1174           -0.200000           -0.200000            0.400000
      1175           -0.200000           -0.300000            0.400000
      1176           -0.200000           -0.400000            0.400000
      1177           -0.200000           -0.500000            0.400000
      1178           -0.300000            0.500000            0.400000
      1179           -0.300000            0.400000            0.400000
      1180           -0.300000            0.300000            0.400000
      1181           -0.300000            0.200000            0.400000
      1182           -0.300000            0.100000            0.400000
      1183           -0.300000            0.000000            0.400000
      1184           -0.300000           -0.100000            0.400000
      1185           -0.300000           -0.200000            0.400000
      1186           -0.300000           -0.300000            0.400000
      1187           -0.300000           -0.400000            0.400000
      1188           -0.300000           -0.500000            0.400000
      1189           -0.400000            0.500000            0.400000
      1190           -0.400000            0.400000            0.400000
      1191           -0.400000            0.300000            0.400000
      1192           -0.400000            0.200000            0.400000
      1193           -0.400000            0.100000            0.400000
      1194           -0.400000           -0.000000            0.400000
      1195           -0.400000           -0.100000            0.400000
      1196           -0.400000           -0.200000            0.400000
      1197           -0.400000           -0.300000            0.400000
      1198           -0.400000           -0.400000            0.400000
      1199           -0.400000           -0.500000            0.400000
      1200           -0.500000            0.500000            0.400000
      1201           -0.500000            0.400000            0.400000
      1202           -0.500000            0.300000            0.400000
      1203           -0.500000            0.200000            0.400000
      1204           -0.500000            0.100000            0.400000
      1205           -0.500000           -0.000000            0.400000
      1206           -0.500000           -0.100000            0.400000
      1207           -0.500000           -0.200000            0.400000
      1208           -0.500000           -0.300000            0.400000
      1209           -0.500000           -0.400000            0.400000
      1210           -0.500000           -0.500000            0.400000
      1211            0.500000            0.500000            0.500000
      1212            0.500000            0.400000            0.500000
      1213            0.500000            0.300000            0.500000
      1214            0.500000            0.200000            0.500000
      1215            0.500000            0.100000            0.500000
      1216            0.500000           -0.000000            0.500000
      1217            0.500000           -0.100000            0.500000
      1218            0.500000           -0.200000            0.500000
      1219            0.500000           -0.300000            0.500000
      1220            0.500000           -0.400000            0.500000
      1221            0.500000           -0.500000            0.500000
      1222            0.400000            0.500000            0.500000
      1223            0.400000            0.400000            0.500000
      1224            0.400000            0.300000            0.500000
      1225            0.400000            0.200000            0.500000
      1226            0.400000            0.100000            0.500000
      1227            0.400000           -0.000000            0.500000
      1228            0.400000           -0.100000            0.500000
      1229            0.400000           -0.200000            0.500000
      1230            0.400000           -0.300000            0.500000
      1231            0.400000           -0.400000            0.500000
      1232            0.400000           -0.500000            0.500000
      1233            0.300000            0.500000            0.500000
      1234            0.300000            0.400000            0.500000
      1235            0.300000            0.300000            0.500000
      1236            0.300000            0.200000            0.500000
      1237            0.300000            0.100000            0.500000
      1238            0.300000           -0.000000            0.500000
      1239            0.300000           -0.100000            0.500000
      1240            0.300000           -0.200000            0.500000
      1241            0.300000           -0.300000            0.500000
      1242            0.300000           -0.400000            0.500000
      1243            0.300000           -0.500000            0.500000
      1244            0.200000            0.500000            0.500000
      1245            0.200000            0.400000            0.500000
      1246            0.200000            0.300000            0.500000
      1247            0.200000            0.200000            0.500000
      1248            0.200000            0.100000            0.500000
      1249            0.200000            0.000000            0.500000
      1250            0.200000           -0.100000            0.500000
      1251            0.200000           -0.200000            0.500000
      1252            0.200000           -0.300000            0.500000
      1253            0.200000           -0.400000            0.500000
      1254            0.200000           -0.500000            0.500000
      1255            0.100000            0.500000            0.500000
      1256            0.100000            0.400000            0.500000
      1257            0.100000            0.300000            0.500000
      1258            0.100000            0.200000            0.500000
      1259            0.100000            0.100000            0.500000
      1260            0.100000           -0.000000            0.500000
      1261            0.100000           -0.100000            0.500000
      1262            0.100000           -0.200000            0.500000
      1263            0.100000           -0.300000            0.500000
      1264            0.100000           -0.400000            0.500000
      1265            0.100000           -0.500000            0.500000
      1266           -0.000000            0.500000            0.500000
      1267           -0.000000            0.400000            0.500000
      1268           -0.000000            0.300000            0.500000
      1269           -0.000000            0.200000            0.500000
      1270           -0.000000            0.100000            0.500000
      1271            0.000000           -0.000000            0.500000
      1272           -0.000000           -0.100000            0.500000
      1273            0.000000           -0.200000            0.500000
      1274           -0.000000           -0.300000            0.500000
      1275           -0.000000           -0.400000            0.500000
      1276           -0.000000           -0.500000            0.500000
      1277           -0.100000            0.500000            0.500000
      1278           -0.100000            0.400000            0.500000
      1279           -0.100000            0.300000            0.500000
      1280           -0.100000            0.200000            0.500000
      1281           -0.100000            0.100000            0.500000
      1282           -0.100000           -0.000000            0.500000
      1283           -0.100000           -0.100000            0.500000
      1284           -0.100000           -0.200000            0.500000
      1285           -0.100000           -0.300000            0.500000
      1286           -0.100000           -0.400000            0.500000
      1287           -0.100000           -0.500000            0.500000
      1288           -0.200000            0.500000            0.500000
      1289           -0.200000            0.400000            0.500000
      1290           -0.200000            0.300000            0.500000
      1291           -0.200000            0.200000            0.500000
      1292           -0.200000            0.100000            0.500000
      1293           -0.200000           -0.000000            0.500000
      1294           -0.200000           -0.100000            0.500000
      1295           -0.200000           -0.200000            0.500000
      1296           -0.200000           -0.300000            0.500000
      1297           -0.200000           -0.400000            0.500000
      1298           -0.200000           -0.500000            0.500000
      1299           -0.300000            0.500000            0.500000
      1300           -0.300000            0.400000            0.500000
      1301           -0.300000            0.300000            0.500000
      1302           -0.300000            0.200000            0.500000
      1303           -0.300000            0.100000            0.500000
      1304           -0.300000           -0.000000            0.500000
      1305           -0.300000           -0.100000            0.500000
      1306           -0.300000           -0.200000            0.500000
      1307           -0.300000           -0.300000            0.500000
      1308           -0.300000           -0.400000            0.500000
      1309           -0.300000           -0.500000            0.500000
      1310           -0.400000            0.500000            0.500000
      1311           -0.400000            0.400000            0.500000
      1312           -0.400000            0.300000            0.500000
      1313           -0.400000            0.200000            0.500000
      1314           -0.400000            0.100000            0.500000
      1315           -0.400000           -0.000000            0.500000
      1316           -0.400000           -0.100000            0.500000
      1317           -0.400000           -0.200000            0.500000
      1318           -0.400000           -0.300000            0.500000
      1319           -0.400000           -0.400000            0.500000
      1320           -0.400000           -0.500000            0.500000
      1321           -0.500000            0.500000            0.500000
      1322           -0.500000            0.400000            0.500000
      1323           -0.500000            0.300000            0.500000
      1324           -0.500000            0.200000            0.500000
      1325           -0.500000            0.100000            0.500000
      1326           -0.500000           -0.000000            0.500000
      1327           -0.500000           -0.100000            0.500000
      1328           -0.500000           -0.200000            0.500000
      1329           -0.500000           -0.300000            0.500000
      1330           -0.500000           -0.400000            0.500000
      1331           -0.500000           -0.500000            0.500000
end coordinates
return
