coordinates
               1  -7.402765154839e-01  -2.117995023727e-01  -9.714877605438e-02 
               2  -9.374527335167e-01   7.469080388546e-02  -1.898609399796e-01 
               3  -9.483729600906e-01  -3.098420798779e-01  -2.720950543880e-01 
               4  -1.093346118927e+00  -2.625567317009e-01  -8.430515229702e-02 
               5   1.006590034979e+00   6.855685258861e-01   5.000000000000e-01 
               6   6.604732275009e-01   9.202120900154e-01   2.697769999504e-01 
               7   9.323567153235e-01   9.852579592887e-01   5.000000000000e-01 
               8   8.447371125221e-01   1.073971986771e+00   1.501423567533e-01 
               9  -7.671505212784e-01  -3.075604140759e-02  -1.600924320519e-02 
              10  -6.169923543930e-01  -4.097912833095e-02  -9.647891670465e-02 
              11  -5.944333076477e-01  -1.720824986696e-01   2.186317928135e-02 
              12  -7.360299229622e-01  -2.176087722182e-02  -2.798198759556e-01 
              13  -7.514326572418e-01  -1.792539954185e-01  -3.133573532104e-01 
              14  -6.832358837128e-01   9.845113009214e-02  -1.876502335072e-01 
              15   1.311669111252e+00  -1.461024403572e+00   2.263730615377e-01 
              16   1.079634308815e+00  -1.922253251076e+00   1.590086221695e-01 
              17   1.198661565781e+00  -1.867072105408e+00  -1.726602017879e-01 
              18   1.459035754204e+00  -1.820947170258e+00   1.631918549538e-01 
              19   1.100896183204e+00  -1.617003427559e+00   5.000000000000e-01 
              20   1.526267766953e+00  -1.380638957024e+00  -3.497253358364e-02 
              21   1.086689591408e+00  -1.354018688202e+00  -1.739112436771e-01 
              22   1.232069134712e+00  -1.130618333817e+00   1.150250881910e-01 
              23   1.002219796181e+00  -1.497728466988e+00   1.713017970324e-01 
              24   1.211988961615e+00  -1.170359115993e+00   5.000000000000e-01 
              25   1.496601939201e+00  -9.812785387039e-01   1.092734560370e-01 
              26   3.849325776100e-01  -6.729143261909e-01  -8.430927246809e-02 
              27   5.676584243774e-01  -5.744517445564e-01  -3.345677554607e-01 
              28   6.807008385658e-01  -5.827970504761e-01  -8.579152077436e-02 
              29   4.715244472027e-01  -9.519876837730e-01  -2.965613603592e-01 
              30   2.579893171787e-01  -7.276213169098e-01   5.212387070060e-02 
              31   2.258802354336e-01  -5.849193930626e-01  -9.050843119621e-02 
              32   1.200172305107e-01  -7.670631408691e-01  -8.653264492750e-02 
              33   2.827396988869e-01  -6.855732798576e-01  -3.351103067398e-01 
              34   3.631580770016e-01  -5.120715498924e-01  -1.982540190220e-01 
              35   1.407981753349e+00  -1.198447704315e+00  -2.601027786732e-01 
              36   1.218551081964e+00  -1.371841700891e+00  -5.000000000000e-01 
              37   1.547619819641e+00  -1.690992236137e+00  -1.701416373253e-01 
              38   1.294926643372e+00  -9.876607656479e-01  -2.629047930241e-01 
              39   1.262735062808e+00  -1.078466447642e+00  -5.000000000000e-01 
              40   1.635280594918e+00  -1.562391759694e+00  -5.000000000000e-01 
              41   1.719719648361e+00  -1.107952594757e+00  -2.020385116339e-01 
              42  -2.965597808361e-01   8.052446842194e-01  -1.279364973307e-01 
              43  -4.009642824531e-02   9.874885082245e-01  -2.555901408195e-01 
              44  -2.840692922473e-02   8.043217062950e-01  -7.417517900467e-02 
              45  -1.585918217897e-01   7.491351962090e-01  -2.950639128685e-01 
              46  -2.069064974785e-01   1.127361536026e+00  -1.116108447313e-01 
              47  -1.966013759375e-01   7.795130610466e-01   7.137981057167e-02 
              48  -5.300248265266e-01   9.192935824394e-01   2.002937020734e-03 
              49  -2.133570208228e+00  -2.147638909454e+00   5.000000000000e-01 
              50  -2.174395454270e+00  -2.500000000000e+00  -7.486956332588e-05 
              51  -2.500000000000e+00  -2.500000000000e+00   5.000000000000e-01 
              52  -2.500000000000e+00  -2.174417069516e+00  -7.777511435220e-05 
              53  -1.972616434097e+00  -1.517030596733e+00   2.031188458204e-01 
              54  -1.883057594299e+00  -1.146355509758e+00   1.693292558193e-01 
              55  -2.006035566330e+00  -1.169707298279e+00  -1.471053361893e-01 
              56  -2.500000000000e+00  -1.109606591003e+00  -7.396604563104e-04 
              57  -5.817838311195e-01   1.066060423851e+00  -2.617896199226e-01 
              58  -4.634221196175e-01   8.797359466553e-01  -2.992943525314e-01 
              59   4.991521064467e-01   2.910626444256e-02   7.196053580140e-02 
              60   6.085830926895e-01  -3.526518493891e-02   1.748300492764e-01 
              61   4.815255200938e-01  -1.346594723680e-01   7.197115547632e-02 
              62   6.870301961899e-01  -5.267718061805e-02  -3.359385207295e-02 
              63   7.479582428932e-01  -2.466516792774e-01   3.838265687227e-02 
              64   5.930708050728e-01  -2.033680975437e-01  -7.902226597071e-02 
              65   7.658339142799e-01  -1.184928566217e-01  -2.700110375881e-01 
              66   9.620394110680e-01  -2.532366104424e-02  -1.608725190163e-01 
              67   8.584561347961e-01   6.193965673447e-02   6.686782091856e-02 
              68   9.281655550003e-01   1.951926052570e-01  -2.610671818256e-01 
              69   4.986717700958e-01  -5.887336134911e-01   1.136435568333e-01 
              70   4.153326153755e-01  -8.589378595352e-01   5.329383537173e-02 
              71   6.445345878601e-01  -1.002678632736e+00  -1.706170439720e-01 
              72   1.077741011977e-01  -6.124350428581e-01   4.552786052227e-02 
              73   1.224388718605e+00  -6.748352199793e-02  -3.225624859333e-01 
              74   8.959540586432e-01   2.041416582121e-01  -5.000000000000e-01 
              75   9.587341677484e-01  -1.003478843875e-01  -5.000000000000e-01 
              76   1.239596962929e+00  -3.302115797997e-01  -1.452955901623e-01 
              77   9.334186911583e-01  -3.816795349121e-01  -1.886263638735e-01 
              78   1.283182560996e+00  -3.235627100835e-01  -5.000000000000e-01 
              79   1.161112427711e+00  -5.262175574899e-02   1.538061797619e-01 
              80   1.147226810455e+00   1.580362915993e-01  -1.411038041115e-01 
              81  -1.402194619179e+00  -5.236676335335e-01   2.053738832474e-01 
              82  -1.796940445900e+00  -6.192758679390e-01   1.706290692091e-01 
              83  -1.669652990748e+00  -1.512954777660e-01   5.000000000000e-01 
              84  -1.548918008804e+00  -4.516394808888e-02   1.644200980663e-01 
              85  -1.564179778099e+00  -9.302657246590e-01  -1.882798820734e-01 
              86  -1.558092713356e+00  -4.889503717422e-01  -1.890349388123e-01 
              87  -1.186531186104e+00  -4.071526825428e-01   1.351729035378e-01 
              88  -1.277586221695e+00  -7.854870557785e-01  -1.311572194099e-01 
              89  -1.059502005577e+00  -1.245348215103e+00   2.066116333008e-01 
              90  -1.470770835876e+00  -9.552929401398e-01   1.460002958775e-01 
              91  -1.256402730942e+00  -1.160449624062e+00  -1.510402709246e-01 
              92  -1.246273994446e+00  -1.525530815125e+00   2.154943645000e-01 
              93  -2.236768156290e-01  -2.131876230240e+00   1.818257570267e-01 
              94  -2.777777777778e-01  -2.500000000000e+00   5.000000000000e-01 
              95   9.329457004803e-05  -2.500000000000e+00  -8.414709559605e-04 
              96  -5.347169328778e-02  -2.110720747745e+00   5.000000000000e-01 
              97  -1.023973941803e+00  -1.591865897179e+00  -7.434367388487e-02 
              98  -8.830293374548e-01  -1.141795544756e+00   5.000000000000e-01 
              99  -8.037098050117e-01  -1.520504117012e+00   1.609672158957e-01 
             100  -7.743014097214e-01  -1.106857061386e+00   2.892293035984e-01 
             101  -9.539434313774e-01  -1.190128803253e+00  -1.479050517082e-01 
             102  -2.022128343582e+00   6.848499178886e-01   1.689929068089e-01 
             103  -2.091522293787e+00   5.975313388779e-01   5.000000000000e-01 
             104  -1.638309943032e+00   3.872825560674e-01   5.000000000000e-01 
             105  -1.717350556929e+00   8.980606258733e-01   5.000000000000e-01 
             106  -5.995423197746e-01  -1.237596511841e+00   1.344032883644e-01 
             107   4.173418972641e-03  -1.113822102547e+00  -2.580159157515e-02 
             108   1.956657916307e-01  -1.146159768105e+00   2.270299345255e-01 
             109   1.347073353827e-02  -1.487907648087e+00   1.822685301304e-01 
             110   3.823962807655e-01  -1.449415087700e+00   1.769527047873e-01 
             111   1.368369609118e-01  -9.385508298874e-01   5.608477070928e-02 
             112  -5.174919217825e-02  -9.883699417114e-01   2.358803600073e-01 
             113   1.176646277308e-01   7.661151885986e-01   9.218007326126e-02 
             114   2.336525470018e-01   5.927109718323e-01   9.943866729736e-02 
             115   2.595399618149e-01   7.360388040543e-01  -7.611730694771e-02 
             116   3.555548787117e-01   7.193217277527e-01   9.332533925772e-02 
             117   1.215659901500e-01   5.942401289940e-01  -1.229624077678e-01 
             118  -6.926918774843e-02   6.159506440163e-01   1.138076186180e-01 
             119   1.140758156776e+00   7.006250619888e-01  -1.442196965218e-01 
             120   8.350524306297e-01   5.565403103828e-01  -3.229602873325e-01 
             121   7.555766105652e-01   6.041287779808e-01  -4.732714593410e-02 
             122   7.893376946449e-01   8.314735293388e-01   1.672154664993e-02 
             123   5.399708151817e-01   7.847002744675e-01  -3.951398190111e-03 
             124   6.731958985329e-01   7.587279677391e-01  -2.702698111534e-01 
             125  -1.468571901321e+00   2.200862884521e+00   2.082370370626e-01 
             126  -1.388888888889e+00   2.500000000000e+00   5.000000000000e-01 
             127  -1.944444444444e+00   2.500000000000e+00   5.000000000000e-01 
             128  -1.742262132101e+00   2.073326308481e+00   5.000000000000e-01 
             129  -1.400167584419e+00  -2.211559772491e+00  -2.251932770014e-01 
             130  -1.388888888889e+00  -2.500000000000e+00  -5.000000000000e-01 
             131  -1.354750370322e+00  -1.983246132806e+00  -5.000000000000e-01 
             132  -9.697106135115e-01  -2.060866891874e+00  -5.000000000000e-01 
             133   7.587229013443e-01   6.956164836884e-01   2.395188361406e-01 
             134   4.893950521946e-01   1.072660207748e+00  -1.335988100618e-02 
             135   8.381024599075e-01   9.506013989449e-01  -1.757653206587e-01 
             136   1.148686885834e+00   9.068154692650e-01   1.650440394878e-01 
             137   4.727039039135e-01   6.299661397934e-01  -1.430639922619e-01 
             138   6.107317209244e-01   5.347854495049e-01   8.387251198292e-02 
             139   8.417757749557e-01   4.481530487537e-01   2.269627898932e-01 
             140   8.609234094620e-01   3.948535025120e-01  -5.498955398798e-02 
             141   1.053456187248e+00   6.297419071198e-01   2.457898855209e-01 
             142   7.055069804192e-01   3.236630856991e-01   6.659734249115e-02 
             143   6.713310480118e-01   3.911916017532e-01   3.185493350029e-01 
             144   6.202073693275e-01   4.728540182114e-01  -1.848916113377e-01 
             145  -1.977660536766e+00   1.661808729172e+00   1.690676510334e-01 
             146  -2.153635501862e+00   1.221296191216e+00   8.684144169092e-02 
             147  -2.500000000000e+00   1.657483836730e+00  -4.492173799553e-04 
             148  -2.260658264160e+00   1.460576295853e+00  -1.888882964849e-01 
             149  -2.777777777778e-01  -2.500000000000e+00  -5.000000000000e-01 
             150  -5.554050295467e-01  -2.500000000000e+00  -8.834250463261e-04 
             151  -4.681636026253e-01  -2.071669554898e+00  -5.000000000000e-01 
             152  -1.874530553818e+00   1.392632842064e+00   1.945046931505e-01 
             153  -1.910345792770e+00   1.252066254616e+00  -2.081480324268e-01 
             154  -1.682561516762e+00   1.730906248093e+00  -1.712783575058e-01 
             155  -1.453383564949e+00   1.544481039047e+00   1.658396422863e-01 
             156  -1.568203826634e+00   1.643927296016e+00   5.000000000000e-01 
             157  -2.045161706539e+00   1.661256489834e+00   5.000000000000e-01 
             158  -1.758420369379e+00   1.308363591602e+00   5.000000000000e-01 
             159  -2.078361272812e+00   2.064467430115e+00   1.879403591156e-01 
             160  -2.099644660950e+00   1.875101208687e+00  -1.628564447165e-01 
             161   7.864644527435e-01  -2.141456365585e+00   4.891359806061e-02 
             162   6.467079520226e-01  -1.918020248413e+00  -1.483142524958e-01 
             163   3.951999843121e-01  -2.013978481293e+00   1.733243614435e-01 
             164   7.609989047050e-01  -1.677840471268e+00   1.873088181019e-01 
             165   9.709568747980e-01  -2.063065498760e+00   5.000000000000e-01 
             166   1.109606591003e+00  -2.500000000000e+00  -7.396604563104e-04 
             167   4.729017137097e-01  -2.098442383901e+00   5.000000000000e-01 
             168   5.554055859731e-01  -2.500000000000e+00  -8.106894634936e-04 
             169   8.333333333333e-01  -2.500000000000e+00   5.000000000000e-01 
             170   6.455302409705e-01  -1.692832217222e+00   5.000000000000e-01 
             171  -9.859204292297e-01   2.087010383606e+00  -1.697913557291e-01 
             172  -1.486596107483e+00   2.151939868927e+00  -8.708436787128e-02 
             173  -1.115788239246e+00   2.103940382260e+00  -5.000000000000e-01 
             174  -1.281537890434e+00   1.865281701088e+00  -1.972503364086e-01 
             175  -1.042113542557e+00   1.658016920090e+00   1.667574942112e-01 
             176  -6.261775493622e-01   1.944032192230e+00  -1.640679091215e-01 
             177  -9.729086160660e-01   1.545317888260e+00  -1.879067867994e-01 
             178  -8.909863090979e-01   1.713441900066e+00  -5.000000000000e-01 
             179  -5.957518014222e-01   2.101188344130e+00  -5.000000000000e-01 
             180   2.593733668327e-01  -2.004523992538e+00  -1.656752526760e-01 
             181   6.793974966027e-02  -2.069662727645e+00  -5.000000000000e-01 
             182   3.687823722934e-01  -1.349534815753e+00   5.000000000000e-01 
             183   1.569608726955e-01  -1.709695094712e+00   5.000000000000e-01 
             184  -3.861376941204e-01  -1.580633401871e+00   1.279618293047e-01 
             185  -3.591049569911e-01  -1.727023479657e+00   5.000000000000e-01 
             186  -1.364025831723e-01  -1.260281952778e+00   5.000000000000e-01 
             187  -1.491250544786e-01  -1.418000578880e+00  -2.765307426453e-01 
             188  -2.535865902901e-01  -1.169629693031e+00   1.289360672235e-01 
             189  -8.583902567625e-02  -1.147125124931e+00  -2.997333109379e-01 
             190   1.479620635509e-01  -1.286493301392e+00  -2.143589109182e-01 
             191   3.856299817562e-01  -1.530295133591e+00  -1.397561579943e-01 
             192  -1.558091193438e-01  -1.754963278770e+00  -1.949775516987e-01 
             193  -2.500000000000e+00  -1.657613528207e+00  -4.666506861132e-04 
             194  -1.995027899742e+00  -2.120426893234e+00   1.554106771946e-01 
             195  -2.062057156676e+00  -1.743654130589e+00   5.000000000000e-01 
             196   1.482759952545e+00  -6.217272877693e-01   1.538296192884e-01 
             197   1.759191870689e+00  -3.134932219982e-01   1.916592866182e-01 
             198   1.594053803261e+00  -3.629065481692e-01   5.000000000000e-01 
             199   1.637638798315e+00  -9.290638680445e-01   5.000000000000e-01 
             200   1.436881780624e+00  -2.075234651566e-01   1.833219528198e-01 
             201   1.552320480347e+00  -5.505818724632e-01  -1.559503674507e-01 
             202   1.109827876091e+00  -6.021384596825e-01   2.240204662085e-01 
             203   2.128735542297e+00  -7.674757838249e-01  -8.820524066687e-02 
             204   1.199580669403e+00  -6.482028365135e-01  -1.487912386656e-01 
             205   1.264758467674e+00   1.064255714417e+00  -1.547933965921e-01 
             206   1.529331684113e+00   6.069684624672e-01   2.076967060566e-01 
             207   1.593372464180e+00   8.019634485245e-01  -1.471607536077e-01 
             208   1.249657246474e+00   6.753004496551e-01  -5.000000000000e-01 
             209   1.939147114754e+00   9.604564309120e-01   1.727884709835e-01 
             210   1.953932881355e+00   6.324745416641e-01  -1.387489885092e-01 
             211   1.511571288109e+00   1.467275500298e+00  -1.699693500996e-01 
             212   1.998833537102e+00   1.063206076622e+00  -1.650899648666e-01 
             213   1.672987730589e+00   9.248604495507e-01  -5.000000000000e-01 
             214   1.522042155266e+00   1.142258167267e+00   1.678083688021e-01 
             215   1.535443186760e+00  -9.274130314589e-02  -1.499247699976e-01 
             216   1.180900449438e+00  -3.589922775163e-01   5.000000000000e-01 
             217   1.521964788437e+00   1.801091432571e-01   1.577385812998e-01 
             218  -1.624569183546e+00   1.793738532566e-01  -5.000000000000e-01 
             219  -1.188753870222e+00   2.283360575749e-01  -5.000000000000e-01 
             220  -1.584200024605e+00   3.064588606358e-01  -1.753219217062e-01 
             221  -1.495507001877e+00  -1.159742996097e-01  -1.907680332661e-01 
             222  -1.687601346157e+00  -3.746930113131e-01  -5.000000000000e-01 
             223  -2.091948509216e+00  -2.074300348759e-01  -1.857629120350e-01 
             224  -1.168121814728e+00   5.370303615928e-02   2.073236107826e-01 
             225  -1.195427775383e+00   1.929457932711e-01  -1.453814208508e-01 
             226  -5.233499407768e-01  -1.895063519478e+00   8.429311960936e-02 
             227  -5.847333339580e-01  -2.119706685313e+00   5.000000000000e-01 
             228  -1.241205358137e+00  -2.126999784783e-01  -5.000000000000e-01 
             229  -9.310974478722e-01   9.744060635567e-01   7.778642233461e-03 
             230  -1.101513981819e+00   6.587224006653e-01   2.554504871368e-01 
             231  -7.958139777184e-01   6.561417579651e-01  -1.441614236683e-02 
             232  -8.651418089867e-01   8.654239773750e-01   2.430255562067e-01 
             233  -1.208658814430e+00   8.041545152664e-01  -1.426823437214e-01 
             234  -1.047938585281e+00   1.007636904716e+00   2.677430212498e-01 
             235  -1.884234786034e+00   2.179625511169e+00  -8.372080326080e-02 
             236  -1.712206721306e+00   1.900939941406e+00   1.620548367500e-01 
             237  -1.657613528207e+00   2.500000000000e+00  -4.666506861132e-04 
             238  -2.174417069516e+00   2.500000000000e+00  -7.777511435220e-05 
             239  -2.500000000000e+00   2.174395454270e+00  -7.486956332588e-05 
             240  -2.102459859237e+00   1.116910474484e+00   5.000000000000e-01 
             241  -1.892841935158e+00   9.873048067093e-01   1.623183488846e-01 
             242   2.064575195312e+00  -1.674281477928e+00   1.782835572958e-01 
             243   2.105940543819e+00  -1.706034993930e+00   5.000000000000e-01 
             244   2.500000000000e+00  -1.388888888889e+00   5.000000000000e-01 
             245   2.074787851707e+00  -1.168481817743e+00   5.000000000000e-01 
             246   7.849177663588e-01  -1.324343695690e+00  -5.000000000000e-01 
             247   9.774129986763e-01  -9.722152948380e-01  -2.799797952175e-01 
             248   1.021356135910e+00  -1.056789607511e+00  -5.000000000000e-01 
             249   1.959920763969e+00   3.479814827442e-01   1.854604333639e-01 
             250   2.109502553940e+00   2.850859761238e-01  -1.110743209720e-01 
             251   1.670266317377e+00   6.775069867682e-01   5.000000000000e-01 
             252   1.660031557062e+00   1.870593574950e-01   5.000000000000e-01 
             253   2.500000000000e+00   5.554055859731e-01  -8.106894634936e-04 
             254   1.527095675468e+00   4.096405208111e-01  -1.454149931669e-01 
             255   2.042373180389e+00  -1.400246143341e+00  -1.850851327181e-01 
             256  -3.900678753853e-01  -4.804084300995e-01   1.867532879114e-01 
             257  -2.739542126656e-01  -5.569523572922e-01   1.869344525039e-02 
             258  -3.243991787590e-01  -3.804801871589e-01   6.040800043865e-02 
             259  -2.652677605963e-01  -4.238313522950e-01   2.097207658959e-01 
             260   1.614058096660e+00  -1.518772732759e+00   5.000000000000e-01 
             261   1.895588636398e+00  -1.158584356308e+00   1.444724351168e-01 
             262   1.591583609581e+00   2.125377893448e+00   1.237614899874e-01 
             263   1.944444444444e+00   2.500000000000e+00   5.000000000000e-01 
             264   2.049613952637e+00   2.043090820312e+00   1.898571401834e-01 
             265   1.657483836730e+00   2.500000000000e+00  -4.492173799553e-04 
             266   1.106698225616e+00   2.500000000000e+00  -1.421270893726e-03 
             267   1.392909049988e+00   2.172671556473e+00  -1.752693355083e-01 
             268   1.209894299507e+00   2.042725801468e+00   1.618869751692e-01 
             269   1.663323291817e+00   2.041396889152e+00   5.000000000000e-01 
             270   1.681599259377e+00   1.731636643410e+00   1.894954442978e-01 
             271   1.304795026779e+00   1.618228673935e+00   2.256522029638e-01 
             272   1.494296193123e+00   1.840785264969e+00  -1.755442470312e-01 
             273   1.898449778557e+00   2.083418607712e+00  -1.592401415110e-01 
             274  -1.569313764572e+00   8.882499933243e-01   1.551003009081e-01 
             275  -1.533305883408e+00   1.224718689919e+00   1.488406509161e-01 
             276  -1.359439290551e+00   1.204416111764e+00   5.000000000000e-01 
             277  -1.543789386749e+00   1.426227927208e+00  -1.753912717104e-01 
             278  -1.197944760323e+00   1.197183728218e+00  -1.383724212646e-01 
             279  -1.220666527748e+00   1.134294509888e+00   1.538074463606e-01 
             280  -6.580944469295e-01  -1.656733644187e+00  -5.000000000000e-01 
             281  -1.474973238450e-01  -1.620094096127e+00  -5.000000000000e-01 
             282  -6.692159771919e-01  -1.863955855370e+00  -1.621298938990e-01 
             283  -5.101683735847e-01  -1.236983418465e+00  -1.759531348944e-01 
             284  -1.148084225165e-01  -1.246501162469e+00  -5.000000000000e-01 
             285  -4.228845003197e-01  -1.299537309917e+00  -5.000000000000e-01 
             286   2.466114610434e-01   1.163971781731e+00  -1.597617864609e-01 
             287   2.255717515945e-01   1.322980403900e+00   2.205593436956e-01 
             288   5.700294375420e-01   1.458435893059e+00  -1.373376846313e-01 
             289   4.911851584911e-01   1.519962549210e+00   1.909916400909e-01 
             290   5.797653794289e-01   1.267233252525e+00  -2.699483335018e-01 
             291   6.195941567421e-01   1.006502509117e+00  -2.679368555546e-01 
             292   2.962459027767e-01   8.931971788406e-01  -2.789454162121e-01 
             293   2.777777777778e-01  -2.500000000000e+00   5.000000000000e-01 
             294   3.852499127388e-01   8.593011498451e-01   2.309179902077e-01 
             295  -4.409527182579e-01  -6.414288878441e-01  -1.377592384815e-01 
             296  -4.987604618073e-01  -6.350722908974e-01   9.498748183250e-02 
             297  -2.650623023510e-01  -7.509753108025e-01  -8.205074071884e-02 
             298  -4.406661093235e-01  -8.318934440613e-01  -1.535581946373e-01 
             299  -6.140962243080e-01  -7.546397447586e-01  -3.293288946152e-01 
             300  -3.795052468777e-01  -7.166628241539e-01  -3.230366110802e-01 
             301  -3.938412666321e-01  -4.790050387383e-01  -2.192326039076e-01 
             302  -6.354421973228e-01  -4.846597611904e-01  -2.819393575191e-01 
             303  -4.357768893242e-01  -4.912643134594e-01  -6.637468189001e-02 
             304  -6.964494585991e-01  -6.810802817345e-01   1.195554528385e-02 
             305  -3.848787248135e-01   6.859616041183e-01   1.041666567326e-01 
             306  -6.086274385452e-01   5.092135071754e-01   9.926446527243e-02 
             307  -3.901375532150e-01   4.713876247406e-01   1.531531065702e-01 
             308  -4.382409751415e-01   6.645298004150e-01   3.272869884968e-01 
             309  -4.799225926399e-01   6.073928475380e-01  -7.862573117018e-02 
             310  -2.773494422436e-01   1.042742133141e+00   2.682586312294e-01 
             311  -2.184256017208e-01   5.665346980095e-01   2.068669050932e-01 
             312  -2.735887169838e-01   5.483322143555e-01  -3.432642668486e-02 
             313  -1.481545686722e+00  -2.136471271515e+00   1.093532666564e-01 
             314  -1.006692528725e+00  -2.013586997986e+00   1.636517345905e-01 
             315  -1.104088234769e+00  -2.118461145900e+00   5.000000000000e-01 
             316  -1.106698225616e+00  -2.500000000000e+00  -1.421270893726e-03 
             317  -1.285182714462e+00  -1.801436305046e+00   2.036363631487e-01 
             318  -1.649876467117e+00  -2.051922451997e+00   5.000000000000e-01 
             319  -1.246705412865e+00  -1.853775501251e+00  -1.618473827839e-01 
             320  -1.679530739784e+00  -1.933913588524e+00  -1.744249612093e-01 
             321  -1.044692516327e+00   4.456262588501e-01  -4.490613937378e-02 
             322  -8.455672264099e-01   1.555411666632e-01   5.546083301306e-02 
             323  -9.116362929344e-01   4.093896746635e-01  -2.531830966473e-01 
             324  -6.637731194496e-01   4.771082103252e-01  -1.363780349493e-01 
             325  -8.585353493690e-01   6.387829780579e-01  -2.597588300705e-01 
             326  -1.090724349022e+00   6.647552847862e-01  -2.676704823971e-01 
             327  -9.049094319344e-01   3.912872374058e-01   2.365296334028e-01 
             328   2.808704376221e-01   7.238900661469e-01   3.182205855846e-01 
             329  -2.500000000000e+00  -2.500000000000e+00  -5.000000000000e-01 
             330  -2.500000000000e+00  -2.500000000000e+00   0.000000000000e+00 
             331   1.036991849542e-01   9.771988987923e-01   1.607987284660e-02 
             332   7.213170081377e-02   7.566623687744e-01  -2.724972963333e-01 
             333   4.548656046391e-01   1.118619441986e+00   2.564722299576e-01 
             334   1.454434990883e-01   9.482291340828e-01   2.433017343283e-01 
             335  -1.928845167160e+00   1.011913940310e-01   1.648717373610e-01 
             336  -1.544995427132e+00   4.298789203167e-01   1.399921178818e-01 
             337  -2.076334714890e+00   3.439179658890e-01  -1.748110502958e-01 
             338   5.801137685776e-01   2.037453204393e-01   1.134642884135e-01 
             339   5.975549221039e-01  -1.914008408785e-01   1.072787493467e-01 
             340   7.575004100800e-01  -1.851509958506e-01   2.784323096275e-01 
             341   5.468626022339e-01  -3.545803427696e-01   1.823242753744e-01 
             342   6.438929438591e-01  -4.446735680103e-01   2.948662936687e-01 
             343   7.280790209770e-01  -3.442204296589e-01  -2.757908701897e-01 
             344   7.947821021080e-01   7.643466442823e-02  -3.288778960705e-01 
             345   3.481721580029e-01   4.944632053375e-01  -2.348234653473e-01 
             346   1.272865831852e-01   5.999201536179e-01  -2.967732548714e-01 
             347   3.224810957909e-01   6.907997727394e-01  -2.877752482891e-01 
             348   3.179963529110e-01   5.523336529732e-01  -4.764639958739e-02 
             349   4.291929006577e-01  -4.460237324238e-01   8.409991860390e-02 
             350   3.744086027145e-01  -4.700041711330e-01  -5.452935770154e-02 
             351   2.698637843132e-01  -6.812680959702e-01   2.825236916542e-01 
             352   4.516844749451e-01  -6.068072319031e-01   2.615644335747e-01 
             353   1.697821617126e-01  -6.467298269272e-01   1.929673403502e-01 
             354  -4.550030454993e-02  -7.962434887886e-01   7.377357780933e-02 
             355   6.509938240051e-01  -8.200136423111e-01   2.598262727261e-01 
             356   3.451221287251e-01  -1.151870608330e+00  -1.288705021143e-01 
             357  -6.274665892124e-02  -7.801654934883e-01   3.096171915531e-01 
             358   5.206749588251e-02  -9.695865511894e-01  -1.692963242531e-01 
             359  -2.711040377617e-01  -9.172967076302e-01  -2.219256758690e-02 
             360  -2.117706835270e-01  -9.341528415680e-01  -2.623077929020e-01 
             361  -1.645638585091e+00  -1.730075478554e+00   1.820538043976e-01 
             362  -8.607208930008e-01  -1.757717840096e+00   5.000000000000e-01 
             363  -9.976574182510e-01  -1.999054670334e+00  -1.108554676175e-01 
             364  -1.657483836730e+00  -2.500000000000e+00  -4.492173799553e-04 
             365  -5.085417032242e-01   3.423679471016e-01   2.171964049339e-01 
             366  -4.686923306254e-01   1.741479233666e-01   2.193623480664e-01 
             367  -4.243808473300e-01   2.643877766075e-01   8.593831441308e-02 
             368  -3.914424415921e-01   3.110832925768e-01   2.304699873196e-01 
             369  -8.333333333333e-01  -2.500000000000e+00   5.000000000000e-01 
             370  -2.707936763763e-01  -6.236193776131e-01   1.786047220230e-01 
             371  -4.308480918407e-01  -6.175152063370e-01   2.782986462116e-01 
             372  -2.018953800201e+00  -2.833975255489e-01   1.733826398849e-01 
             373  -2.500000000000e+00  -5.554055859731e-01  -8.106894634936e-04 
             374  -2.500000000000e+00  -9.329457004803e-05  -8.414709559605e-04 
             375  -4.703611135483e-01  -3.935939073563e-01   5.842152982950e-02 
             376  -2.175554037094e+00  -8.370401859283e-01   5.586876720190e-02 
             377  -1.943863630295e+00  -6.231800913811e-01  -1.595274060965e-01 
             378  -2.101162318028e+00  -5.905838754612e-01  -5.000000000000e-01 
             379  -2.077546558448e+00  -4.666985841928e-01   5.000000000000e-01 
             380  -2.043212021434e+00  -9.646156792784e-01   5.000000000000e-01 
             381  -2.500000000000e+00  -8.333333333333e-01   5.000000000000e-01 
             382  -4.523952007294e-01  -9.996230006218e-01  -2.825731039047e-01 
             383  -6.118171215057e-01  -9.684776663780e-01   1.303746104240e-01 
             384  -7.415978908539e-01  -9.447942972183e-01  -2.897629737854e-01 
             385  -7.887913584709e-01  -9.349405169487e-01  -1.385839842260e-02 
             386  -8.558435440063e-01  -5.804941654205e-01  -2.837522625923e-01 
             387  -2.500000000000e+00   1.106698225616e+00  -1.421270893726e-03 
             388  -2.071227740266e+00   9.821568541095e-01  -5.000000000000e-01 
             389  -2.500000000000e+00   8.333333333333e-01  -5.000000000000e-01 
             390  -2.500000000000e+00   1.388888888889e+00  -5.000000000000e-01 
             391  -7.252114415169e-01  -3.769822716713e-01   3.475748002529e-02 
             392  -6.028074026108e-01   7.129993438721e-01  -2.571908533573e-01 
             393  -3.915596306324e-01   6.352882981300e-01  -3.161200881004e-01 
             394  -4.024566709995e-01   4.702936708927e-01  -2.042219787836e-01 
             395  -1.261790096760e-01   6.023855209351e-01  -8.728833496571e-02 
             396  -5.236749053001e-01   8.162190318108e-01   2.437799870968e-01 
             397  -7.465513944626e-01   2.228998988867e-01  -2.881968021393e-01 
             398   2.500000000000e+00  -1.944444444444e+00  -5.000000000000e-01 
             399   2.500000000000e+00  -2.500000000000e+00  -5.000000000000e-01 
             400   2.500000000000e+00  -2.174395454270e+00  -7.486956332588e-05 
             401   2.135298710206e+00  -2.146193434893e+00  -5.000000000000e-01 
             402  -5.889461636543e-01   2.467134445906e-01   9.435530751944e-02 
             403  -6.419115662575e-01  -1.591761708260e-01   1.704251021147e-01 
             404  -7.750311493874e-01  -2.536705136299e-02   2.668897807598e-01 
             405  -5.949938893318e-01   6.180536746979e-02   8.225850760937e-02 
             406  -9.330617189407e-01  -1.291596591473e-01   1.560251265764e-01 
             407  -7.705704569817e-01   9.959360361099e-01  -2.596837580204e-01 
             408  -6.938802003860e-01   1.191178679466e+00  -1.203111410141e-01 
             409  -3.427571952343e-01  -8.876836895943e-01   2.322051376104e-01 
             410  -6.895959377289e-01  -7.263240814209e-01   2.777501046658e-01 
             411  -8.974367976189e-01   8.476547002792e-01  -3.030648827553e-01 
             412  -7.498646928650e-01   9.210406981274e-01  -5.000000000000e-01 
             413  -9.818960873276e-01   8.054971747198e-01  -5.000000000000e-01 
             414  -9.896991912863e-01   1.043790339021e+00  -5.000000000000e-01 
             415  -1.134649217129e-01  -6.161792874336e-01   8.965518325567e-02 
             416   1.791412383318e-01  -9.022724628448e-01   3.296788632870e-01 
             417  -7.776108384132e-02  -7.749108076096e-01  -2.294829338789e-01 
             418  -8.527317643166e-01  -8.435871005058e-01   2.330184727907e-01 
             419   7.028675354349e-01  -9.856760901082e-01  -5.000000000000e-01 
             420  -9.989207983017e-01  -5.737479925156e-01  -3.034177236259e-03 
             421  -8.279417753220e-01  -4.884011745453e-01   6.842481344938e-02 
             422  -1.097293376923e+00  -9.767314195633e-01   1.607613563538e-01 
             423  -1.166566371918e+00  -6.735765933990e-01   1.591010987759e-01 
             424  -1.009450435638e+00  -7.890061140060e-01  -1.330109834671e-01 
             425  -1.337562203407e-01   7.844824194908e-01   2.655728459358e-01 
             426   3.971668332815e-02   7.921825051308e-01   3.378629088402e-01 
             427   9.644566476345e-02   6.273975372314e-01   1.967052668333e-01 
             428   2.174417069516e+00  -2.500000000000e+00  -7.777511435220e-05 
             429   2.934524416924e-01  -5.606998205185e-01   5.672961100936e-02 
             430   2.463321201503e-02  -6.047900319099e-01   2.285843938589e-01 
             431   2.164635005789e+00  -2.142643416238e+00   5.000000000000e-01 
             432   2.500000000000e+00  -2.500000000000e+00   5.000000000000e-01 
             433   8.874809741974e-02  -8.064466118813e-01  -3.720610737801e-01 
             434   9.157197177410e-02  -6.338823437691e-01  -1.888632774353e-01 
             435  -5.019092932343e-02  -6.196372509003e-01  -9.319611638784e-02 
             436  -4.800426065922e-01  -4.184035360813e-01   3.410978913307e-01 
             437  -5.449360013008e-01  -3.207410275936e-01   1.790234148502e-01 
             438  -6.389166116714e-01  -4.914207756519e-01   3.077732622623e-01 
             439  -6.552350698284e-01  -2.273337369588e-01   5.000000000000e-01 
             440  -4.937620096455e-01  -4.724916901001e-01   5.000000000000e-01 
             441  -3.945702546982e-01  -3.071063563448e-01   5.000000000000e-01 
             442  -3.373144479410e-01  -3.690785325784e-01   3.536269565038e-01 
             443  -4.400467804297e-01  -2.374001496071e-01   3.520841613220e-01 
             444  -3.009500201682e-01  -6.094127283640e-01   5.000000000000e-01 
             445   4.886906743050e-01   3.654232621193e-01   2.075415253639e-01 
             446   5.439779162407e-01   6.323453187943e-01   2.954066097736e-01 
             447   4.132302403450e-01   4.853518009186e-01   8.943221718073e-02 
             448   7.938617467880e-01   9.764602780342e-02   2.882392406464e-01 
             449   7.104155421257e-01   3.013197779655e-01  -1.957807540894e-01 
             450   8.503690361977e-01   3.626342117786e-01  -3.376830220222e-01 
             451   5.261535644531e-01   3.278121352196e-01  -1.982128471136e-01 
             452   5.738040804863e-01   2.422172874212e-01  -6.387069821358e-02 
             453   5.776807069778e-01   2.153695672750e-01  -2.933438122272e-01 
             454   1.578509364338e+00  -1.104670653671e+00  -5.000000000000e-01 
             455   1.968519172781e+00  -1.351548231517e+00  -5.000000000000e-01 
             456   5.089582204819e-01  -3.605549633503e-01  -1.395338326693e-01 
             457   1.160935044289e+00   4.280970692635e-01   1.346370130777e-01 
             458   6.064477562904e-01   1.086292415857e-01  -9.740785509348e-02 
             459   1.122418165207e+00   4.910964667797e-01  -2.671263515949e-01 
             460  -2.500000000000e+00   2.777777777778e-01  -5.000000000000e-01 
             461  -2.500000000000e+00   5.554050295467e-01  -8.834250463261e-04 
             462  -1.253903865814e+00   1.897044181824e+00   2.046511322260e-01 
             463  -2.500000000000e+00  -2.777777777778e-01   5.000000000000e-01 
             464  -1.662575479393e+00   2.044721431589e+00  -5.000000000000e-01 
             465  -1.944444444444e+00   2.500000000000e+00  -5.000000000000e-01 
             466  -2.137528515843e+00   2.146235570952e+00  -5.000000000000e-01 
             467  -1.109606591003e+00   2.500000000000e+00  -7.396604563104e-04 
             468  -8.202635496855e-02   5.940044522285e-01  -2.746329307556e-01 
             469  -9.086570328235e-03   4.999174274214e-01  -6.727040187388e-02 
             470  -7.116935729903e-02   6.792865339514e-01  -5.000000000000e-01 
             471  -1.981043314209e-01   4.590802477479e-01  -3.529212611094e-01 
             472  -2.666810452938e-01   6.232073307037e-01  -1.859865039587e-01 
             473  -1.093052189831e-01   4.879061068516e-01  -2.083298544309e-01 
             474   9.322310090065e-01  -2.724640369415e-01   1.787782758474e-01 
             475  -4.874405562878e-01   3.595272004604e-01  -9.546256624162e-03 
             476  -7.392246723175e-01   6.778915524483e-01   2.457525134087e-01 
             477  -6.199457645416e-01   4.483076035976e-01   2.935861051083e-01 
             478  -5.951237678528e-01   1.732730567455e-01  -8.784196525812e-02 
             479  -5.279354453087e-01   3.271033167839e-01  -2.057339996099e-01 
             480  -1.623527407646e+00  -1.377699136734e+00  -1.637990176678e-01 
             481  -1.556970706576e+00  -1.637465712646e+00  -5.000000000000e-01 
             482  -2.016595840454e+00  -1.549778819084e+00  -1.789945960045e-01 
             483  -1.752959491574e+00  -1.296634095907e+00  -5.000000000000e-01 
             484  -6.777629852295e-01   5.142163634300e-01  -3.379750251770e-01 
             485  -1.147958397865e+00  -5.779014825821e-01  -2.644215822220e-01 
             486  -2.487182766199e-01  -5.860402584076e-01  -3.658961057663e-01 
             487  -2.470035552979e-01  -5.715011954308e-01  -2.018370777369e-01 
             488  -1.020696670401e+00  -5.634365741951e-01   5.000000000000e-01 
             489  -9.346166427948e-01  -3.494800713094e-01   5.000000000000e-01 
             490  -1.258877156028e+00  -3.489483405786e-01   5.000000000000e-01 
             491   6.853319406509e-01   3.761321902275e-01  -3.418938219547e-01 
             492   1.584761500359e+00  -2.130253314972e+00  -1.245738789439e-01 
             493   1.657613528207e+00  -2.500000000000e+00  -4.666506861132e-04 
             494   1.388888888889e+00  -2.500000000000e+00  -5.000000000000e-01 
             495   1.944444444444e+00  -2.500000000000e+00  -5.000000000000e-01 
             496   1.458816528320e+00  -2.189912557602e+00   2.011912912130e-01 
             497   1.892220616341e+00  -2.086323261261e+00   1.591758430004e-01 
             498   1.991484999657e+00  -2.151870250702e+00  -1.929030418396e-01 
             499   1.659264130246e+00  -2.044980157745e+00  -5.000000000000e-01 
             500  -1.331762860275e+00  -1.175574954883e+00  -5.000000000000e-01 
             501  -1.001814732785e+00  -8.564107125860e-01  -5.000000000000e-01 
             502  -8.288296329435e-01  -1.228296553290e+00  -5.000000000000e-01 
             503  -5.343132019043e-01  -2.854045927525e-01  -5.700420960784e-02 
             504  -7.821086049080e-01  -2.750776112080e-01   3.197680711746e-01 
             505   3.852670192719e-01   1.916928529739e+00  -1.815638393164e-01 
             506   2.777777777778e-01   2.500000000000e+00  -5.000000000000e-01 
             507   5.554050295467e-01   2.500000000000e+00  -8.834250463261e-04 
             508   4.769391872079e-01   2.065505910546e+00  -5.000000000000e-01 
             509  -2.040503174067e-01   2.075085163116e+00  -1.779196560383e-01 
             510   5.943249911070e-03   1.531340956688e+00  -1.526726335287e-01 
             511  -3.845567432555e-01   1.683573393078e+00  -5.000000000000e-01 
             512   1.427286722389e-01   1.652342169460e+00  -5.000000000000e-01 
             513  -9.423147439957e-01  -5.681569576263e-01   2.618691325188e-01 
             514  -5.800120830536e-01  -1.529671847820e-01  -2.260002791882e-01 
             515  -5.163301825523e-01  -3.109702169895e-01  -2.440083324909e-01 
             516  -3.630979112087e-01  -3.437439554026e-01  -8.609390336520e-02 
             517  -2.879859644901e-01  -4.087347358088e-01  -2.204345945864e-01 
             518  -3.988324732921e-01  -3.015504240550e-01  -2.302567581512e-01 
             519   2.099194526672e-01   1.950886607170e+00   1.717287302017e-01 
             520  -9.329457004803e-05   2.500000000000e+00  -8.414709559605e-04 
             521  -4.951383523882e-02  -7.193480153512e-01  -5.000000000000e-01 
             522  -8.525024354458e-02  -5.852899551392e-01  -2.537018656731e-01 
             523  -3.384663843179e-01   3.680224268802e-01  -3.934791626437e-02 
             524  -2.077893495560e+00   8.558286428452e-01  -1.715551614761e-01 
             525  -1.569444656372e+00   7.152987122536e-01  -1.535512208939e-01 
             526  -2.500000000000e+00   8.333333333333e-01   5.000000000000e-01 
             527   2.500000000000e+00  -2.500000000000e+00   0.000000000000e+00 
             528  -2.883098721504e-01   1.990544438362e+00   1.695509552956e-01 
             529  -5.554055859731e-01   2.500000000000e+00  -8.106894634936e-04 
             530  -4.790614062262e-01   2.060240172210e+00   5.000000000000e-01 
             531  -2.777777777778e-01   2.500000000000e+00   5.000000000000e-01 
             532  -1.675319671631e+00   1.056572079659e+00  -1.683585047722e-01 
             533  -1.147353090578e+00  -1.048240584975e+00   5.000000000000e-01 
             534  -1.549889797699e+00  -1.106018095773e+00   5.000000000000e-01 
             535   3.027735054493e-01   5.385575890541e-01   2.493181526661e-01 
             536   4.919915199280e-01   3.773680329323e-01  -2.821056358516e-02 
             537   4.980288445950e-01   8.185880780220e-01  -3.260793387890e-01 
             538   9.874816664080e-01   2.035890410396e+00  -5.000000000000e-01 
             539   8.627033829689e-01   2.202886819839e+00   8.039555698633e-02 
             540   6.247440576553e-01   1.913122773170e+00   1.601880788803e-01 
             541   9.534106850624e-01   1.904438972473e+00  -1.687927395105e-01 
             542   5.981878010690e-01   2.078876763815e+00   5.000000000000e-01 
             543   1.118457943895e+00   2.095063986989e+00   5.000000000000e-01 
             544  -4.405527755117e-01  -2.364598316605e-01   3.923438909708e-02 
             545  -3.931102805682e-01  -3.089729879967e-01   2.023746280903e-01 
             546   7.496055906073e-01   1.303304775228e+00   5.000000000000e-01 
             547   4.040792593516e-01   1.183816259664e+00   5.000000000000e-01 
             548   9.131498932838e-01   1.556490421295e+00   1.406584978104e-01 
             549   9.000472214987e-01   1.694972890698e+00   5.000000000000e-01 
             550  -6.863227636969e-01   1.633366936388e+00   5.000000000000e-01 
             551  -8.530032038689e-01   2.069683313370e+00   1.681719571352e-01 
             552  -5.663475394249e-01   1.497321486473e+00   1.835803836584e-01 
             553  -1.692795306444e-01   1.460651636124e+00   1.810295283794e-01 
             554  -4.140191674232e-01   1.518103361130e+00  -1.452791243792e-01 
             555   1.948503613472e+00  -3.810841143131e-01  -1.618689149618e-01 
             556   1.655084530866e+00  -6.252925602194e-01  -5.000000000000e-01 
             557   1.232523669019e+00  -7.805638284955e-01  -5.000000000000e-01 
             558   3.849870984524e-01   1.608418565754e+00   5.000000000000e-01 
             559  -1.667991469099e-01   1.592124986959e+00   5.000000000000e-01 
             560  -8.333333333333e-01  -2.500000000000e+00  -5.000000000000e-01 
             561  -2.082215574071e+00   6.178410649794e-02   5.000000000000e-01 
             562  -1.992895562646e+00   1.362272519110e+00  -5.000000000000e-01 
             563  -2.500000000000e+00   1.944444444444e+00  -5.000000000000e-01 
             564  -2.075972445785e+00   1.741704072290e+00  -5.000000000000e-01 
             565  -1.944444444444e+00  -2.500000000000e+00  -5.000000000000e-01 
             566  -2.100652694702e+00  -1.988406181335e+00  -1.811422854662e-01 
             567  -9.807598148775e-01   2.054037420606e+00   5.000000000000e-01 
             568  -1.363571217740e+00   1.982317535398e+00   5.000000000000e-01 
             569   2.500000000000e+00   2.777777777778e-01   5.000000000000e-01 
             570   2.081705245576e+00   4.814200684896e-01   5.000000000000e-01 
             571   2.050363150445e+00  -9.602468545495e-01  -5.000000000000e-01 
             572   2.082917434857e+00  -4.581058206659e-01  -5.000000000000e-01 
             573   2.500000000000e+00  -5.554050295467e-01  -8.834250463261e-04 
             574   2.500000000000e+00  -8.333333333333e-01  -5.000000000000e-01 
             575   2.500000000000e+00  -1.106698225616e+00  -1.421270893726e-03 
             576   1.651278561832e+00   1.128823115429e+00   5.000000000000e-01 
             577   1.991782868894e+00   1.358882023703e+00   5.000000000000e-01 
             578   2.128240346909e+00   1.327061653137e+00   1.727004200220e-01 
             579   2.068593768570e+00   9.777690806799e-01   5.000000000000e-01 
             580   2.500000000000e+00   1.109606591003e+00  -7.396604563104e-04 
             581   2.500000000000e+00   8.333333333333e-01   5.000000000000e-01 
             582  -1.686318381324e+00   6.922319142733e-01  -5.000000000000e-01 
             583  -2.079919945872e+00   4.840147398698e-01  -5.000000000000e-01 
             584  -8.333333333333e-01   2.500000000000e+00   5.000000000000e-01 
             585  -6.088362085152e-02   2.087794552502e+00  -5.000000000000e-01 
             586   1.177249312401e+00   1.608917117119e+00  -1.675587892532e-01 
             587   1.388890014874e+00   1.940270321156e+00  -5.000000000000e-01 
             588   6.763371704503e-01   1.591094620298e+00  -5.000000000000e-01 
             589   1.149434339514e+00   1.594655577809e+00  -5.000000000000e-01 
             590  -5.932329297066e-01   1.844488382339e-01   2.860570251942e-01 
             591  -7.682612538338e-01   1.903100609779e-01   2.884134352207e-01 
             592  -4.998709292157e-01   1.136019916249e-02   2.116408196571e-01 
             593   2.500000000000e+00  -1.944444444444e+00   5.000000000000e-01 
             594   2.500000000000e+00  -1.657483836730e+00  -4.492173799553e-04 
             595  -6.954228895808e-01   8.357535185679e-02   5.000000000000e-01 
             596   6.049084403949e-01  -2.086276725248e+00  -5.000000000000e-01 
             597   2.777777777778e-01  -2.500000000000e+00  -5.000000000000e-01 
             598  -4.729086208503e-01   1.623497346023e-01   5.000000000000e-01 
             599  -6.192470128531e-01   3.315664098285e-01   5.000000000000e-01 
             600  -4.385638430861e-01   2.401286229035e-01   3.619005586813e-01 
             601  -8.053546384702e-02  -4.934714166626e-01  -7.220480283284e-02 
             602  -1.443752372573e-01  -4.787021943410e-01  -2.157908487396e-01 
             603  -2.084485041171e-01  -4.544768653423e-01  -3.593218328720e-01 
             604  -5.142929344670e-02  -4.973479946432e-01  -3.574141908189e-01 
             605   2.071290691101e+00  -5.406015595380e-02   5.000000000000e-01 
             606   1.679351858114e+00  -1.279632933722e-01  -5.000000000000e-01 
             607   2.500000000000e+00   9.329457004803e-05  -8.414709559605e-04 
             608   2.092653171835e+00   7.122465776270e-02  -5.000000000000e-01 
             609   2.500000000000e+00   2.777777777778e-01  -5.000000000000e-01 
             610   1.230978878719e+00  -7.128755667575e-01   5.000000000000e-01 
             611   1.239509582520e+00  -8.654372692108e-01   1.319195628166e-01 
             612   1.268273192951e+00  -2.735035623552e-02   5.000000000000e-01 
             613  -2.500000000000e+00  -1.388888888889e+00   5.000000000000e-01 
             614  -2.500000000000e+00  -1.388888888889e+00  -5.000000000000e-01 
             615  -2.043700962520e+00  -1.658281777058e+00  -5.000000000000e-01 
             616  -1.609447729023e+00  -1.573702728905e+00   5.000000000000e-01 
             617  -1.956917940797e+00  -1.355807650470e+00   5.000000000000e-01 
             618  -2.500000000000e+00   2.500000000000e+00   5.000000000000e-01 
             619  -2.500000000000e+00   2.500000000000e+00   0.000000000000e+00 
             620  -2.084134387228e+00  -5.267564894495e-02  -5.000000000000e-01 
             621   1.115516185760e+00   1.320879340172e+00   1.406844705343e-01 
             622   2.145942926407e+00   1.825791120529e+00  -2.065638005733e-01 
             623   1.678777536870e+00   3.903821651693e-01  -5.000000000000e-01 
             624   2.092486497434e+00   6.129385938547e-01  -5.000000000000e-01 
             625   2.500000000000e+00   8.333333333333e-01  -5.000000000000e-01 
             626   2.088990157087e+00   1.165202073343e+00  -5.000000000000e-01 
             627   1.388888888889e+00   2.500000000000e+00   5.000000000000e-01 
             628   1.313374681944e+00   1.744711127922e+00   5.000000000000e-01 
             629   9.109196013861e-01  -1.712579921563e+00  -5.000000000000e-01 
             630   1.120392296018e+00  -2.101739162788e+00  -5.000000000000e-01 
             631   4.026713168228e-01  -1.623153619913e+00  -5.000000000000e-01 
             632   8.596881628036e-01  -1.580628991127e+00  -1.749656051397e-01 
             633   8.333333333333e-01  -2.500000000000e+00  -5.000000000000e-01 
             634  -1.339081116381e+00  -6.758344723002e-01  -5.000000000000e-01 
             635  -1.721167737010e+00  -8.751005600656e-01  -5.000000000000e-01 
             636   3.306315541267e-01  -5.028702020645e-01   3.355103135109e-01 
             637   3.980965497429e-01  -3.025213002134e-01   3.572563608239e-01 
             638   5.451536958476e-01  -4.512781481276e-01   5.000000000000e-01 
             639   3.565756056855e-01  -5.881161669467e-01   5.000000000000e-01 
             640   1.434392335789e-01  -6.609565271579e-01   5.000000000000e-01 
             641   1.280854154803e-01  -4.833157625624e-01   3.571519358653e-01 
             642   2.782382737877e-01  -4.154316586391e-01   3.572359753808e-01 
             643   2.008477123265e-01  -4.578866633275e-01   5.000000000000e-01 
             644   2.148643812216e-01  -4.514790113419e-01   2.144589906910e-01 
             645   3.499930164972e-01  -3.570782664952e-01   2.145538368421e-01 
             646  -2.500000000000e+00   1.944444444444e+00   5.000000000000e-01 
             647  -2.500000000000e+00   1.388888888889e+00   5.000000000000e-01 
             648  -2.104533881578e+00  -1.110687100088e+00  -5.000000000000e-01 
             649  -1.388888888889e+00  -2.500000000000e+00   5.000000000000e-01 
             650   5.876672727649e-02   2.059910324488e+00   5.000000000000e-01 
             651   1.080095338465e-01   9.913956572108e-01   5.000000000000e-01 
             652   4.106309237952e-01   8.647796143362e-01   5.000000000000e-01 
             653   4.041847936950e-01   5.872967685954e-01   5.000000000000e-01 
             654   6.474199295044e-01  -1.328545808792e+00  -1.637781113386e-01 
             655   4.280872730509e-01  -1.189535034038e+00  -5.000000000000e-01 
             656   5.715889334679e-01  -1.609447300434e-01  -2.909449636936e-01 
             657   6.221108436584e-01  -5.573827773333e-02  -1.904823482037e-01 
             658   4.885467844923e-01  -1.064050720702e-01  -2.131619411585e-01 
             659   4.998796100862e-01  -1.097157327136e-02  -3.564284984160e-01 
             660   4.274871105299e-01  -2.593352469889e-01  -2.131615394776e-01 
             661  -4.676153026047e-01   1.217093987794e+00   5.000000000000e-01 
             662  -4.740515351295e-01   1.144974350929e+00   1.467021554708e-01 
             663  -1.238235665003e-01   1.213096976415e+00   5.000000000000e-01 
             664  -2.500000000000e+00  -8.333333333333e-01  -5.000000000000e-01 
             665  -2.500000000000e+00  -2.777777777778e-01  -5.000000000000e-01 
             666   2.777777777778e-01   2.500000000000e+00   5.000000000000e-01 
             667  -2.639607526362e-02   6.033299565315e-01   2.762950956821e-01 
             668   1.326866596937e-01   5.886588692665e-01   3.985211253166e-01 
             669  -4.664272010811e-02   4.978197029658e-01   3.591528796210e-01 
             670   1.166474045978e-01   4.862030265235e-01   3.575299052667e-01 
             671   2.460850179787e-02   4.993940544693e-01   2.164705285410e-01 
             672  -4.324815283714e-02   7.136256462648e-01   5.000000000000e-01 
             673  -1.364770467184e-01   4.810135296632e-01   2.211397241225e-01 
             674  -2.031838855661e-01   4.568548003975e-01   3.625190740100e-01 
             675   8.333333333333e-01   2.500000000000e+00   5.000000000000e-01 
             676  -8.333333333333e-01   2.500000000000e+00  -5.000000000000e-01 
             677   1.639053651743e+00   1.511238777757e+00  -5.000000000000e-01 
             678   2.500000000000e+00   1.657613528207e+00  -4.666506861132e-04 
             679   2.500000000000e+00   1.388888888889e+00  -5.000000000000e-01 
             680   5.790635347366e-01  -2.023767679930e-01   3.452988564968e-01 
             681   7.085750066653e-01  -1.373422934354e-02   5.000000000000e-01 
             682   4.999659869355e-01   5.831972877106e-03   3.572570181828e-01 
             683   4.931806517014e-01  -8.229729514037e-02   5.000000000000e-01 
             684   4.470169993491e-01  -2.239995586892e-01   2.145726503707e-01 
             685  -1.647525554295e+00  -6.333677589629e-01   5.000000000000e-01 
             686  -3.779507875443e-01   4.751743078232e-01   2.844252884388e-01 
             687  -4.694273911448e-01   5.279453030340e-01   5.000000000000e-01 
             688  -3.386554193527e-01   3.678484836765e-01   3.647403372694e-01 
             689  -2.734740790612e-01   4.185832391313e-01   5.000000000000e-01 
             690  -2.737252976401e-01   6.570653820147e-01   5.000000000000e-01 
             691  -1.146290470335e+00  -1.401354230718e+00   5.000000000000e-01 
             692   2.640517832341e-01  -4.245899854811e-01  -3.564292903396e-01 
             693   1.247889325023e-01  -5.766678452492e-01  -3.736275732517e-01 
             694   2.008477123265e-01  -4.578866633275e-01  -5.000000000000e-01 
             695   4.762694985352e-01   1.522082940087e-01  -3.564131668020e-01 
             696   4.966065892687e-01   5.815406688205e-02  -2.131547988306e-01 
             697   4.663346707821e-01   3.903845846653e-01   3.815772235394e-01 
             698   3.264979938802e-01   3.786806834158e-01   2.145492177148e-01 
             699   2.684091060661e-01   4.218489679741e-01   3.572433531182e-01 
             700   3.386407858129e-01   3.678619553366e-01   5.000000000000e-01 
             701   3.909067843778e-01   3.117561321408e-01   3.572353715810e-01 
             702   5.715373671568e-01   4.256534250009e-01   5.000000000000e-01 
             703   4.397368756032e-01   2.379736965185e-01   5.000000000000e-01 
             704   6.757716156312e-01   2.158341841342e-01   5.000000000000e-01 
             705   1.716342565491e-02  -4.997053299894e-01  -2.137997058081e-01 
             706   1.779892178295e-01  -4.672470848881e-01  -2.132602886675e-01 
             707   1.911416427774e-01  -6.890291353255e-01  -5.000000000000e-01 
             708   3.987243024605e-01  -5.818481391825e-01  -5.000000000000e-01 
             709   4.128967273617e-02  -4.982922465033e-01  -5.000000000000e-01 
             710   2.067424012420e+00  -6.088524049520e-01   5.000000000000e-01 
             711  -2.146186239677e+00   2.137372552743e+00   5.000000000000e-01 
             712   2.500000000000e+00  -8.333333333333e-01   5.000000000000e-01 
             713   4.696196913719e-01  -3.738036751747e-01  -3.552359640598e-01 
             714   4.397368756032e-01  -2.379736965185e-01  -5.000000000000e-01 
             715   5.733232699231e-01  -4.275443571950e-01  -5.000000000000e-01 
             716   3.386407858129e-01  -3.678619553366e-01  -5.000000000000e-01 
             717  -9.218679070473e-01   1.161871910095e+00   1.379765123129e-01 
             718  -7.070104479790e-01   1.020127773285e+00   3.096602559090e-01 
             719  -8.918835208771e-01   1.225765984604e+00   5.000000000000e-01 
             720  -1.653326216985e+00   1.563225093599e+00  -5.000000000000e-01 
             721   1.312161096371e+00  -1.759721714851e+00  -5.000000000000e-01 
             722   2.068042105123e+00  -1.740162584285e+00  -5.000000000000e-01 
             723   1.766538013639e+00  -2.055367620594e+00   5.000000000000e-01 
             724   1.944444444444e+00  -2.500000000000e+00   5.000000000000e-01 
             725  -1.288134034456e+00   8.696162223351e-01  -5.000000000000e-01 
             726   9.301038980484e-01   1.224559664726e+00  -2.676198184490e-01 
             727   1.215908317488e+00   1.327208713552e+00   5.000000000000e-01 
             728  -2.764928956160e-01  -6.560808665005e-01  -5.000000000000e-01 
             729  -2.734740790612e-01  -4.185832391313e-01  -5.000000000000e-01 
             730  -1.227427435704e-01  -4.847001329697e-01  -5.000000000000e-01 
             731  -1.250897207128e+00   4.415214205044e-01   5.000000000000e-01 
             732  -1.197973012924e+00   4.702461659908e-01   1.191519498825e-01 
             733   2.500000000000e+00  -1.388888888889e+00  -5.000000000000e-01 
             734   9.702925086021e-01   2.175904065371e-01   2.397487759590e-01 
             735   9.517846079279e-01   1.424637953955e-01   5.000000000000e-01 
             736  -1.117074836744e+00  -1.628531115740e+00  -5.000000000000e-01 
             737   6.715729099872e-01  -2.507950752670e-01   5.000000000000e-01 
             738   7.974666357040e-01  -5.875696539879e-01   1.476326733828e-01 
             739   4.116521043474e-01  -2.838001849654e-01   7.196823961460e-02 
             740   1.391619518283e-01  -1.339289827461e+00  -5.000000000000e-01 
             741   1.256637124158e+00   1.667538592872e-01  -5.000000000000e-01 
             742   1.129498360402e-01  -1.005491737670e+00  -5.000000000000e-01 
             743   4.175029630818e-01  -8.575601938066e-01  -5.000000000000e-01 
             744  -1.348970066134e+00   7.588122679271e-01   5.000000000000e-01 
             745  -2.145874251172e+00  -2.136777266005e+00  -5.000000000000e-01 
             746   4.006305501083e-01   2.991574206333e-01  -3.563728485428e-01 
             747   6.450106392021e-01   2.423992463565e-01  -5.000000000000e-01 
             748  -1.739590561214e+00  -2.072341838032e+00  -5.000000000000e-01 
             749  -2.500000000000e+00  -1.944444444444e+00  -5.000000000000e-01 
             750   1.653004148023e+00   1.557198234289e+00   5.000000000000e-01 
             751   2.075972671583e+00   1.740038027588e+00   5.000000000000e-01 
             752   2.500000000000e+00   1.388888888889e+00   5.000000000000e-01 
             753  -1.944444444444e+00  -2.500000000000e+00   5.000000000000e-01 
             754  -2.500000000000e+00  -1.944444444444e+00   5.000000000000e-01 
             755  -1.141011088884e+00   1.627314192054e+00   5.000000000000e-01 
             756  -1.311013762587e+00   1.754296936516e+00  -5.000000000000e-01 
             757  -1.289979829863e+00   9.366711644871e-02   5.000000000000e-01 
             758   2.208314729800e-01   4.485905265846e-01  -2.125453886324e-01 
             759   2.814311891821e-01   4.132753147183e-01  -3.561304482156e-01 
             760   1.607829010299e-01   6.728238645925e-01  -5.000000000000e-01 
             761   1.306215352463e-01   4.826365242394e-01  -3.558252414168e-01 
             762   4.128967273617e-02   4.982922465033e-01  -5.000000000000e-01 
             763  -3.535751114201e-02   4.987482796019e-01  -3.548421130064e-01 
             764   6.003574888035e-02   4.963826234432e-01  -2.113140709653e-01 
             765   1.247669737314e+00   4.232570423621e-01   5.000000000000e-01 
             766  -7.963000265161e-01   6.311350291044e-01  -5.000000000000e-01 
             767   1.262237118764e+00   1.169267814112e+00  -5.000000000000e-01 
             768   2.500000000000e+00   1.944444444444e+00  -5.000000000000e-01 
             769   2.500000000000e+00   2.174417069516e+00  -7.777511435220e-05 
             770   2.166948311424e+00   2.141151104255e+00  -5.000000000000e-01 
             771   1.774788546662e+00   2.051226134886e+00  -5.000000000000e-01 
             772   2.113083163002e+00   1.702772937699e+00  -5.000000000000e-01 
             773   5.547014474869e-01   5.428858995438e-01  -3.346532881260e-01 
             774   3.751840223411e-01   5.877058483169e-01  -5.000000000000e-01 
             775   3.607660458666e-01   8.578953023275e-01  -5.000000000000e-01 
             776   1.289864321728e+00   8.713625279219e-01   5.000000000000e-01 
             777  -5.467842600777e-01  -1.039594804324e+00  -5.000000000000e-01 
             778  -5.016555545703e-01  -7.919625678418e-01  -5.000000000000e-01 
             779  -4.663808171324e-01  -5.248335985808e-01  -5.000000000000e-01 
             780  -7.457566345457e-01  -6.137550755783e-01  -5.000000000000e-01 
             781  -1.256005881049e+00  -7.563648289582e-01   5.000000000000e-01 
             782  -1.409376859665e+00  -1.561774611473e+00  -1.661253124475e-01 
             783  -1.216382335169e+00   1.338761253980e+00  -5.000000000000e-01 
             784  -1.654464014273e+00   1.135226506598e+00  -5.000000000000e-01 
             785  -1.280229799377e+00  -1.781297400186e+00   5.000000000000e-01 
             786  -1.091456222996e+00   9.488480928882e-01   5.000000000000e-01 
             787  -1.066725492477e+00   1.039041042328e+00  -2.665480375290e-01 
             788  -9.666013006265e-01  -7.422178569134e-02   5.000000000000e-01 
             789  -4.925663601204e-01   8.589750216217e-02   3.575845581848e-01 
             790  -2.437508404255e-01  -6.998855471611e-01   3.346925377846e-01 
             791  -5.528799211690e-01  -7.281603010881e-01   5.000000000000e-01 
             792  -2.695134480390e-01  -8.687361009565e-01   5.000000000000e-01 
             793   1.369527820613e+00  -1.952257047186e+00   5.000000000000e-01 
             794  -1.972911634532e-01  -4.594302959354e-01   3.557958510574e-01 
             795   7.868552974358e-01  -1.296452850481e+00   5.000000000000e-01 
             796   1.388888888889e+00  -2.500000000000e+00   5.000000000000e-01 
             797  -3.628288980891e-02  -4.986818142936e-01   3.568325283167e-01 
             798  -8.117635357127e-02  -6.733840202176e-01   5.000000000000e-01 
             799   3.007842664400e-02  -8.988818197389e-01   5.000000000000e-01 
             800  -2.500000000000e+00   2.777777777778e-01   5.000000000000e-01 
             801  -1.359195113182e+00   6.729057431221e-01   1.607277840376e-01 
             802  -1.274798512459e+00   4.645312726498e-01  -2.278100103140e-01 
             803  -6.625013633941e-01  -1.389995618330e+00   5.000000000000e-01 
             804  -1.379108458935e+00   5.056032307835e-01  -5.000000000000e-01 
             805   3.336186266698e-01   1.215998353460e+00  -5.000000000000e-01 
             806  -1.861703607896e-01   1.238616868434e+00  -5.000000000000e-01 
             807  -7.043113391595e-01   1.282266133107e+00  -5.000000000000e-01 
             808  -2.061815187335e-02   1.143558621407e+00   2.727262973785e-01 
             809   6.993722495339e-01   2.474763656079e-02  -5.000000000000e-01 
             810   6.804013351922e-01  -2.155848158929e-01  -5.000000000000e-01 
             811   4.984269054867e-01  -3.963104700751e-02  -7.049365751039e-02 
             812  -5.676461032639e-01  -1.037439957097e+00   5.000000000000e-01 
             813   2.174395454270e+00   2.500000000000e+00  -7.486956332588e-05 
             814   2.500000000000e+00   2.500000000000e+00   0.000000000000e+00 
             815   2.500000000000e+00   2.500000000000e+00   5.000000000000e-01 
             816   8.730372786522e-01  -1.207610487938e+00   1.469624936581e-01 
             817   2.500000000000e+00   2.500000000000e+00  -5.000000000000e-01 
             818   6.546465431167e-01  -6.881928109036e-01  -5.000000000000e-01 
             819   8.215361237526e-01  -7.526631355286e-01  -2.773184180260e-01 
             820   8.803358078003e-01  -8.709973096848e-01   1.437319517136e-01 
             821   6.161653995514e-01  -1.074344515800e+00   2.114137411118e-01 
             822   9.002555891039e-01  -4.761159931770e-01  -5.000000000000e-01 
             823   9.473627398621e-01  -1.760886115684e-01   5.000000000000e-01 
             824   8.638336323971e-01  -5.157403048505e-01   5.000000000000e-01 
             825   4.955361038536e-01  -6.666310657003e-02   2.145710985585e-01 
             826   4.318970814252e-01   2.519224306337e-01   2.145410594762e-01 
             827   4.625730331602e-01   1.898056611195e-01   7.195500317268e-02 
             828   4.709732335481e-01   1.678815453861e-01   3.572485506988e-01 
             829   3.755776043388e-01   3.300628169291e-01   7.200091258334e-02 
             830  -4.401108351477e-01  -2.372813789273e-01  -3.647340442010e-01 
             831  -4.403139990933e-01  -2.369041624845e-01  -1.145310907641e-01 
             832  -4.872526054185e-01  -1.121824340656e-01  -8.453131005391e-02 
             833  -4.998329803146e-01  -1.292253031952e-02  -2.186415567941e-01 
             834  -1.388888888889e+00   2.500000000000e+00  -5.000000000000e-01 
             835   8.978486232140e-01   9.612908889235e-01  -5.000000000000e-01 
             836  -2.359659195388e-01  -4.408175187265e-01  -7.575328930409e-02 
             837  -1.098136391162e-01  -4.877919276331e-01   2.128638422309e-01 
             838   1.388888888889e+00   2.500000000000e+00  -5.000000000000e-01 
             839  -1.380763815160e-02  -4.998093127671e-01   7.071495036769e-02 
             840   8.681630148767e-01  -9.116916318560e-01   5.000000000000e-01 
             841  -2.777304315651e-01   4.157713402613e-01   2.306847550852e-01 
             842   3.876283660943e-01  -3.158231305637e-01  -3.564334529421e-01 
             843   4.691906510374e-01  -1.728008477383e-01  -3.564332021248e-01 
             844   3.200815111713e-01  -3.841195467642e-01  -2.131574908169e-01 
             845   8.346636522045e-02  -4.929841436364e-01  -7.089384762028e-02 
             846  -5.405766802404e-01   4.175191960742e-01  -5.000000000000e-01 
             847  -4.412403137211e-01   2.351743726415e-01  -3.539621275127e-01 
             848  -8.707950041750e-01   3.294635827101e-01  -5.000000000000e-01 
             849  -4.767858107662e-01   1.505831685548e-01  -2.114871516761e-01 
             850  -6.064291018732e-01  -3.420536340583e-01  -5.000000000000e-01 
             851  -9.235542280394e-01   6.805374207448e-03  -5.000000000000e-01 
             852  -6.757820753575e-01  -1.135762023116e-01  -5.000000000000e-01 
             853  -8.739519776496e-01  -3.058411910612e-01  -5.000000000000e-01 
             854  -3.013487107851e-01   6.066626557106e-01  -5.000000000000e-01 
             855  -2.553520908725e-01   8.728313615266e-01  -5.000000000000e-01 
             856  -3.388018331901e-01   3.677136356284e-01  -3.522935095880e-01 
             857  -5.253691840761e-01   7.458618411367e-01  -5.000000000000e-01 
             858  -4.858335444439e-01   1.012960817676e+00  -5.000000000000e-01 
             859  -1.085482491514e+00   5.619035850109e-01  -5.000000000000e-01 
             860  -4.743786759911e-01  -1.580027587256e-01   2.031054209809e-01 
             861   3.045070111343e-01   3.965797273816e-01  -7.021437824666e-02 
             862   3.554682763071e-01   3.516280770065e-01  -2.129613865417e-01 
             863   6.393353068926e-01   1.010451793070e+00   5.000000000000e-01 
             864   6.928367202457e-01   7.136514200742e-01   5.000000000000e-01 
             865  -3.419518667778e-01  -3.647861302286e-01  -3.628418851501e-01 
             866  -4.713244896023e-01  -1.668928563514e-01  -2.296273611714e-01 
             867   8.630553551435e-01   4.328647430241e-01   5.000000000000e-01 
             868  -2.175697206722e-01   9.434573847989e-01   5.000000000000e-01 
             869   1.889686989465e-01   6.871183588250e-01   5.000000000000e-01 
             870   1.022899533870e+00   4.311325896543e-01  -5.000000000000e-01 
             871   6.406834316917e-01   7.102651143713e-01  -5.000000000000e-01 
             872   7.832323587454e-01   4.515542891774e-01  -5.000000000000e-01 
             873   9.365114767653e-01   1.309593793251e+00  -5.000000000000e-01 
             874   5.408753520123e-01   4.381369978712e-01  -5.000000000000e-01 
             875   4.173058168031e-01   2.754194170030e-01  -7.043524711955e-02 
             876  -1.032367397813e+00   6.570926923467e-01   5.000000000000e-01 
             877  -9.437608038163e-01   3.054887731908e-01   5.000000000000e-01 
             878   9.202734022357e-01   6.480040726644e-01  -5.000000000000e-01 
             879  -7.460339490294e-02   4.944030071399e-01   7.749825776746e-02 
             880   8.333333333333e-01   2.500000000000e+00  -5.000000000000e-01 
             881  -4.927851637067e-01  -8.463322297158e-02  -3.615160367081e-01 
             882  -4.729086208503e-01  -1.623497346023e-01  -5.000000000000e-01 
             883   2.391749067141e-01  -4.390846888680e-01  -7.052091828320e-02 
             884   4.585092775908e-01  -1.994222714823e-01  -7.048801055086e-02 
             885   3.688629884442e-01  -3.375501381366e-01  -7.048396449538e-02 
             886  -2.500000000000e+00   2.500000000000e+00  -5.000000000000e-01 
             887  -4.935835124717e-01  -7.984557731077e-02   3.541672818568e-01 
             888  -4.872582377804e-01   1.121579676847e-01   7.342872702843e-02 
             889  -4.505442113724e-01   2.168176966919e-01  -6.203921486364e-02 
             890  -1.040678616299e+00  -5.349184700643e-01  -5.000000000000e-01 
             891  -3.945702546982e-01  -3.071063563448e-01  -5.000000000000e-01 
             892  -5.000000000000e-01   6.123233995737e-17   5.000000000000e-01 
             893  -4.964142136274e-01  -5.977397852450e-02   6.223516118459e-02 
             894   5.600909833013e-02  -4.968530777848e-01   2.140727033242e-01 
             895  -4.974219581884e-01   5.070892931279e-02  -7.283940297998e-02 
             896  -4.938193596084e-01   7.837372056959e-02  -3.573941955338e-01 
             897  -5.000000000000e-01  -6.123233995737e-17  -5.000000000000e-01 
             898  -3.388419638807e-01   3.676766561987e-01   1.160468451056e-01 
             899   9.144320668932e-02   4.915670248810e-01   7.349182489675e-02 
             900  -2.288035090081e-01   4.445772759213e-01   8.717986140022e-02 
             901  -3.945702546982e-01   3.071063563448e-01   5.000000000000e-01 
             902   9.023298945170e-01  -7.974676660391e-01  -5.000000000000e-01 
             903  -7.626280124294e-01  -5.304422974673e-01   5.000000000000e-01 
             904   2.008477123265e-01   4.578866633275e-01   5.000000000000e-01 
             905   4.128967273617e-02   4.982922465033e-01   5.000000000000e-01 
             906   5.707929410086e-02   9.229087140486e-01  -5.000000000000e-01 
             907  -8.913556597030e-01  -8.319473326620e-01   5.000000000000e-01 
             908   2.500000000000e+00   1.944444444444e+00   5.000000000000e-01 
             909   2.137686828627e+00   2.145698943672e+00   5.000000000000e-01 
             910   5.830905003070e-01  -7.291449555973e-01   5.000000000000e-01 
             911   1.119389340668e-01  -4.873086034947e-01  -3.566359787056e-01 
             912  -8.247625472431e-01   8.861497642400e-01   5.000000000000e-01 
             913  -1.788103096496e-01   4.669334783061e-01  -6.008091218578e-02 
             914   1.572485284150e-01   4.746292240384e-01  -6.940452506622e-02 
             915  -1.774124323223e-01  -4.674663932920e-01   6.798469011493e-02 
             916  -3.975892943996e-01   3.031876530779e-01  -2.022788405418e-01 
             917   4.384151697159e-01  -8.549582958221e-01   3.261024653912e-01 
             918  -2.696960785877e-01   4.210273449485e-01  -2.015095159307e-01 
             919   1.500072159998e-01  -4.769673313215e-01   7.163030783219e-02 
             920   2.970560721414e-01  -4.021911112940e-01   7.191025154227e-02 
             921   4.903196324210e-01   9.791148074918e-02   2.145594762228e-01 
             922   5.257710116546e-01  -1.037295894504e+00   5.000000000000e-01 
             923   3.386407858129e-01  -3.678619553366e-01   5.000000000000e-01 
             924  -2.777777777778e-01   2.500000000000e+00  -5.000000000000e-01 
             925   6.896543147017e-01   1.221183033572e+00  -5.000000000000e-01 
             926  -7.355972421783e-01   5.949958883121e-01   5.000000000000e-01 
             927   4.931806517014e-01   8.229729514037e-02  -5.000000000000e-01 
             928   4.931806517014e-01  -8.229729514037e-02  -5.000000000000e-01 
             929   4.842349543221e-01   1.245652801252e-01  -7.049091335903e-02 
             930   1.850283286174e-01   4.645045937438e-01   2.148381915616e-01 
             931   2.469134264187e-01   4.347801281731e-01   7.236533890230e-02 
             932   3.108787175004e-01  -8.354995943472e-01   5.000000000000e-01 
             933   4.397368756032e-01  -2.379736965185e-01   5.000000000000e-01 
             934  -1.227427435704e-01   4.847001329697e-01   5.000000000000e-01 
             935   4.506636101158e-01   2.165694127004e-01  -2.131218841271e-01 
             936  -6.674531668470e-01   1.327745470522e-01  -5.000000000000e-01 
             937   4.931806517014e-01   8.229729514037e-02   5.000000000000e-01 
             938   4.747641545397e-01  -1.568406757325e-01   3.572598343039e-01 
             939   5.859233718653e-01   9.954219448389e-01  -5.000000000000e-01 
             940   2.198215889840e-01  -1.076298815424e+00   5.000000000000e-01 
             941   1.944444444444e+00   2.500000000000e+00  -5.000000000000e-01 
             942   1.248568038386e-01   1.321412865313e+00   5.000000000000e-01 
             943   4.397368756032e-01   2.379736965185e-01  -5.000000000000e-01 
             944  -5.230910873073e-01   8.404554480625e-01   5.000000000000e-01 
             945   3.386407858129e-01   3.678619553366e-01  -5.000000000000e-01 
             946   2.008477123265e-01   4.578866633275e-01  -5.000000000000e-01 
             947   4.128967273617e-02  -4.982922465033e-01   5.000000000000e-01 
             948  -2.557720762864e-01  -9.680928411712e-01  -5.000000000000e-01 
             949  -6.768381145080e-01   1.042366296175e+00   5.000000000000e-01 
             950  -4.729086208503e-01   1.623497346023e-01  -5.000000000000e-01 
             951  -1.227427435704e-01   4.847001329697e-01  -5.000000000000e-01 
             952  -3.945702546982e-01   3.071063563448e-01  -5.000000000000e-01 
             953  -7.247795362687e-01  -9.100847494010e-01  -5.000000000000e-01 
             954  -1.227427435704e-01  -4.847001329697e-01   5.000000000000e-01 
             955  -2.734740790612e-01  -4.185832391313e-01   5.000000000000e-01 
             956  -4.729086208503e-01  -1.623497346023e-01   5.000000000000e-01 
             957  -2.734740790612e-01   4.185832391313e-01  -5.000000000000e-01 
             958   2.500000000000e+00  -2.777777777778e-01  -5.000000000000e-01 
             959   2.500000000000e+00  -2.777777777778e-01   5.000000000000e-01 
             960   6.303625553846e-02  -7.361930608749e-02   1.147092506289e-01 
             961   1.315183341503e-01  -3.057839535177e-02  -1.225378736854e-01 
             962   1.167125552893e-01  -2.383034825325e-01  -6.935058534145e-02 
             963   8.584366180003e-03  -1.596999703906e-03  -1.716394163668e-02 
             964  -9.847115725279e-02  -1.678610444069e-01   8.238570392132e-02 
             965  -9.897620230913e-02  -1.946608722210e-01   2.351081818342e-01 
             966  -1.291740536690e-01  -5.105092003942e-02   1.724524945021e-01 
             967   1.411355882883e-01   9.695465862751e-02   3.222637996078e-02 
             968   1.796682476997e-01   4.002323374152e-02   2.301591187716e-01 
             969   2.602581381798e-01  -1.735128276050e-02   1.153126657009e-01 
             970  -9.305309504271e-02  -2.245202809572e-01  -9.487922489643e-02 
             971  -2.244899421930e-02   2.677531242371e-01   2.519780993462e-01 
             972   1.612242870033e-02   1.290127933025e-01   1.437935233116e-01 
             973  -1.191966161132e-01   2.096100449562e-01   1.232961639762e-01 
             974  -5.334413796663e-02   3.729122579098e-01   1.559815406799e-01 
             975  -1.539497226477e-01   3.311797082424e-01   2.434132248163e-02 
             976   5.824808031321e-02   2.497586011887e-01  -1.986011490226e-02 
             977  -1.539547890425e-01   6.553071737289e-02   6.878067553043e-02 
             978  -1.837390065193e-01   1.870589554310e-01  -3.656620532274e-02 
             979  -2.030707150698e-01   3.291228115559e-01   1.878870129585e-01 
             980   1.254939287901e-01   1.590318977833e-01  -1.268691420555e-01 
             981   2.048424184322e-01   3.149356544018e-01   2.990469802171e-03 
             982   2.562921941280e-01   6.834749877453e-02  -7.146000117064e-02 
             983   1.823281943798e-01   4.875659570098e-02  -2.350565642118e-01 
             984   3.341831266880e-01   2.043415904045e-01  -1.435696631670e-01 
             985   2.149259001017e-01   3.021369874477e-01  -1.719627231359e-01 
             986   2.722538411617e-01   1.650005429983e-01  -3.467440605164e-01 
             987  -2.516309022903e-01   6.301824003458e-02  -1.783300489187e-01 
             988  -3.762332201004e-01  -8.236432820559e-02  -1.814613342285e-01 
             989  -3.073943257332e-01  -9.795796871185e-02  -2.870377302170e-01 
             990  -1.767854243517e-01  -1.057943180203e-01  -1.721197515726e-01 
             991   2.650437951088e-01  -1.398882716894e-01   3.345448374748e-01 
             992   3.189020156860e-01  -2.309968695045e-02   3.902856409550e-01 
             993   3.853172957897e-01   1.127354893833e-02   2.956698536873e-01 
             994  -3.939458429813e-01  -3.125326335430e-02  -3.373088538647e-01 
             995  -2.994683682919e-01   6.527429819107e-02  -3.554228246212e-01 
             996  -3.847691416740e-01   3.401784226298e-02  -1.781432479620e-01 
             997  -2.651267349720e-01   2.762918770313e-01  -1.474042534828e-01 
             998  -1.086347624660e-01   9.257467091084e-02  -1.696061939001e-01 
             999  -2.761748135090e-01   2.046681940556e-01  -2.986735105515e-01 
            1000  -1.598558574915e-01   1.166457682848e-01  -3.764636516571e-01 
            1001  -3.810843527317e-01   1.105134412646e-01  -2.698152959347e-01 
            1002  -3.482354283333e-01   1.637702733278e-01  -1.669721007347e-01 
            1003  -2.489755898714e-01   2.572104707360e-02   1.728399097919e-01 
            1004  -3.103818297386e-01  -1.034521758556e-01   3.015063703060e-01 
            1005  -3.469577729702e-01  -1.611029952765e-01   1.592004299164e-01 
            1006  -3.852157890797e-01   2.582670375705e-02   3.064488470554e-01 
            1007  -3.889753818512e-01  -5.015320703387e-02   2.098149359226e-01 
            1008  -3.172813057899e-01  -2.641903981566e-02  -2.606446854770e-02 
            1009  -2.455560266972e-01  -1.357088983059e-01   3.710234910250e-02 
            1010  -2.877274155617e-01   1.260889619589e-01   3.061263076961e-02 
            1011   1.961430013180e-01   3.356112539768e-01   2.201986610889e-01 
            1012   9.917704015970e-02   3.124954998493e-01   3.414433598518e-01 
            1013   6.296847760677e-02   3.675161004066e-01   1.674090474844e-01 
            1014   1.581467539072e-01   1.948574781418e-01   1.603247821331e-01 
            1015  -3.354403972626e-01  -1.892295032740e-01  -1.390293538570e-01 
            1016  -4.293064028025e-02   3.997910022736e-01   2.759403586388e-01 
            1017  -1.016356945038e-01   2.952867150307e-01   3.644502758980e-01 
            1018   2.633322589099e-02   1.612153649330e-01   3.327505290508e-01 
            1019  -1.704528033733e-01  -1.416837517172e-02  -6.487729400396e-02 
            1020  -2.063263356686e-01   1.322748810053e-01   2.654366493225e-01 
            1021  -9.866598062217e-03   1.341976970434e-02   2.874552905560e-01 
            1022  -1.018296554685e-01   1.004680916667e-01   3.635616898537e-01 
            1023   3.380693122745e-02  -2.508969008923e-01   1.462062895298e-01 
            1024  -2.524833977222e-01  -2.884369492531e-01   1.654842793941e-01 
            1025  -1.665736734867e-01  -3.441627621651e-01   7.327759638429e-03 
            1026  -1.392413079739e-01  -3.482243120670e-01   1.650706380606e-01 
            1027  -1.015050522983e-02  -3.805016279221e-01   1.774332374334e-01 
            1028  -6.194546818733e-03  -3.770318329334e-01  -4.627120122313e-02 
            1029   6.748629361391e-02  -3.769310414791e-01   6.238065660000e-02 
            1030   2.381032109261e-01  -1.010915338993e-01  -6.119966879487e-02 
            1031   1.296539902687e-01  -1.336770057678e-01  -2.345745116472e-01 
            1032  -3.480897872701e-01   4.225549814130e-03  -5.000000000000e-01 
            1033   3.114327212340e-01   1.025923355676e-01  -5.000000000000e-01 
            1034   3.731881976128e-01   1.302705556154e-01  -3.038335144520e-01 
            1035  -7.960894145072e-03  -1.469273716211e-01  -1.975666135550e-01 
            1036  -1.650371775031e-02   1.290567032993e-02  -2.916083633900e-01 
            1037   6.624171137810e-02   3.963078558445e-01   4.102691411972e-01 
            1038  -1.059585437179e-01  -2.817376255989e-01  -3.243718445301e-01 
            1039  -2.658259868622e-01  -2.556904554367e-01  -1.985059976578e-01 
            1040   3.344115316868e-01   2.244931012392e-01   3.682743757963e-02 
            1041   2.875382602215e-01   1.491612493992e-01   3.556923568249e-01 
            1042   3.353382647038e-01   1.496956199408e-01   1.817249208689e-01 
            1043   3.877029716969e-01   9.620124101639e-02   5.356634035707e-02 
            1044  -2.717323601246e-01   2.713522017002e-01   3.986199200153e-01 
            1045  -2.525105178356e-01   1.412313431501e-01   3.856155276299e-01 
            1046  -1.102583083081e-01   1.791843049276e-01   5.000000000000e-01 
            1047  -2.866216630714e-01   1.699377108579e-01   5.000000000000e-01 
            1048  -1.416137963533e-01   3.539791107178e-01  -1.654648929834e-01 
            1049  -1.325613446534e-02   3.847732841969e-01  -4.995750263333e-03 
            1050   3.114327212340e-01  -1.025923355676e-01   5.000000000000e-01 
            1051  -2.678573727608e-01   2.834313809872e-01   6.844343245029e-02 
            1052  -3.254870596952e-01   1.639905007081e-01  -5.000000000000e-01 
            1053   1.465461662675e-01   3.441087370081e-01   5.000000000000e-01 
            1054  -3.363406956196e-01   2.052232176065e-01   3.197342455387e-01 
            1055  -2.978093301643e-02   3.366880460556e-01   5.000000000000e-01 
            1056   3.290248811245e-01  -1.652622818947e-01  -1.655523627996e-01 
            1057  -3.328004181385e-01  -2.090581953526e-01  -3.225598335266e-01 
            1058  -2.866216630714e-01  -1.699377108579e-01  -5.000000000000e-01 
            1059  -2.399908155203e-01  -1.468499600887e-01  -3.743456900120e-01 
            1060   1.375395506620e-01   2.591466903687e-01  -3.555422723293e-01 
            1061  -2.617862634361e-02   1.982481628656e-01  -2.341183125973e-01 
            1062   1.261962416467e-01  -1.392865228079e-01   5.000000000000e-01 
            1063   5.941981822252e-02   5.053972825408e-02   3.857613503933e-01 
            1064   1.032276377082e-01   3.530442714691e-01  -1.663859188557e-01 
            1065  -1.252026762813e-02   3.800256550312e-01  -1.701053380966e-01 
            1066  -3.169588446617e-01   2.011776864529e-01   1.716139465570e-01 
            1067   2.622114121914e-01  -2.908043861389e-01   2.933566570282e-01 
            1068   1.535630524158e-01  -1.150133386254e-01   2.380234003067e-01 
            1069   3.620680272579e-01  -1.619002372026e-01   3.835529461503e-02 
            1070   1.920791119337e-01  -1.884720325470e-01   9.975715726614e-02 
            1071   3.538529574871e-01  -1.063942462206e-01   1.815130859613e-01 
            1072  -1.934102379259e-01   9.264127345723e-02  -5.000000000000e-01 
            1073  -1.916389878559e-01  -5.288271782209e-02  -5.000000000000e-01 
            1074   3.653851151466e-01   2.058118768036e-02   1.744650602341e-01 
            1075   2.778628468513e-01  -2.673426568508e-01  -2.989142239094e-01 
            1076   3.973141610622e-01  -1.638642698526e-02   3.117183037102e-02 
            1077   2.760885655880e-01  -2.588281333447e-01  -1.720340400934e-01 
            1078   3.504024744034e-01  -2.994609624147e-02  -1.836264431477e-01 
            1079   2.919159531593e-01  -2.731059491634e-01   2.831235714257e-02 
            1080   3.203332126141e-01   1.870075799525e-02  -3.796531558037e-01 
            1081   1.855078156236e-01  -3.831293004880e-02  -5.000000000000e-01 
            1082   1.031651794910e-01   3.078805841506e-02  -3.818993270397e-01 
            1083   1.261962416467e-01   1.392865228079e-01  -5.000000000000e-01 
            1084   2.811693847179e-01   2.530732750893e-01   1.732420176268e-01 
            1085  -2.031128229793e-01   3.168404307317e-01   5.000000000000e-01 
            1086   1.855345368385e-01  -3.533743023872e-01   2.130017615855e-02 
            1087   7.184955477715e-02  -3.667021393776e-01  -1.896667927504e-01 
            1088  -2.717064023018e-01  -2.733230292797e-01  -4.028169214725e-01 
            1089  -1.102583083081e-01  -1.791843049276e-01  -5.000000000000e-01 
            1090  -1.476106345654e-01   2.563999593258e-01  -3.387010097504e-01 
            1091  -5.281192266539e-02   1.929280406663e-01  -5.000000000000e-01 
            1092  -2.205646326796e-01   2.552539346550e-01  -5.000000000000e-01 
            1093  -1.382136791945e-01  -6.337233632803e-02  -3.584653437138e-01 
            1094  -5.454514175653e-02   9.036523848772e-02  -3.865477144718e-01 
            1095  -2.353562629508e-02  -4.587608800787e-03  -5.000000000000e-01 
            1096  -8.267107605934e-02  -3.811087012291e-01  -1.750818341970e-01 
            1097   8.398360759020e-02  -2.902218103409e-01  -3.575414717197e-01 
            1098   1.067327111959e-01   3.682593703270e-01  -3.078808784485e-01 
            1099   4.570660367608e-02  -1.191074475646e-01  -3.868027925491e-01 
            1100   8.093480373493e-02  -3.187723357304e-01   5.000000000000e-01 
            1101  -3.677356839180e-01   9.347732365131e-02   1.784547120333e-01 
            1102  -1.298884451389e-01  -5.882405117154e-02   3.717903196812e-01 
            1103   1.695679500699e-02  -1.341327726841e-01   3.384408652782e-01 
            1104   1.465461662675e-01  -3.441087370081e-01  -5.000000000000e-01 
            1105   7.166601541935e-02  -1.865891457384e-01  -5.000000000000e-01 
            1106   2.580392889888e-01  -2.088794131683e-01  -5.000000000000e-01 
            1107  -8.395239710808e-02   3.884759843349e-01  -2.969948947430e-01 
            1108  -2.857317626476e-01   2.083887159824e-02   4.079518914223e-01 
            1109  -3.480897872701e-01  -4.225549814130e-03   5.000000000000e-01 
            1110  -1.934102379259e-01  -9.264127345723e-02   5.000000000000e-01 
            1111  -1.916389878559e-01   5.288271782209e-02   5.000000000000e-01 
            1112   3.553946018219e-01   9.041046351194e-02  -1.457823961973e-01 
            1113  -2.228069901466e-01   3.370382487774e-01   3.154146969318e-01 
            1114   2.512278258801e-01  -1.341843307018e-01  -3.520671725273e-01 
            1115   2.015040665865e-01  -3.032138943672e-01   1.894174069166e-01 
            1116  -1.706295311451e-01  -3.386594355106e-01  -1.719910949469e-01 
            1117  -9.134425967932e-02  -3.884799778461e-01   3.045017719269e-01 
            1118  -2.809325754642e-01  -2.707193195820e-01   3.004854023457e-01 
            1119  -1.381443887949e-01  -2.515325546265e-01   3.531785905361e-01 
            1120   1.422842741013e-01  -2.833932042122e-01   3.525958359241e-01 
            1121   1.086212471128e-01  -3.612402975559e-01   2.848880887032e-01 
            1122   7.166601541935e-02   1.865891457384e-01   5.000000000000e-01 
            1123  -2.031128229793e-01  -3.168404307317e-01  -5.000000000000e-01 
            1124  -2.291512638330e-01  -3.361206650734e-01  -3.030558824539e-01 
            1125   3.150545060635e-01  -2.250130325556e-01   1.692759245634e-01 
            1126  -2.205646326796e-01  -2.552539346550e-01   5.000000000000e-01 
            1127   2.827072441578e-01   2.747408449650e-01   3.368296325207e-01 
            1128  -1.681794063188e-03   2.678485214710e-01  -3.955725729465e-01 
            1129   3.854596912861e-01  -7.633752375841e-02  -2.979276180267e-01 
            1130   3.641121286530e-01  -6.521207576367e-02  -5.000000000000e-01 
            1131   2.508763046869e-01   2.698342988908e-01  -5.000000000000e-01 
            1132   2.831224203110e-01   2.816524207592e-01  -2.954831123352e-01 
            1133   2.508763046869e-01  -2.698342988908e-01   5.000000000000e-01 
            1134  -2.978093301643e-02  -3.366880460556e-01  -5.000000000000e-01 
            1135   2.580392889888e-01   2.088794131683e-01   5.000000000000e-01 
            1136   8.093480373493e-02   3.187723357304e-01  -5.000000000000e-01 
            1137  -3.254870596952e-01  -1.639905007081e-01   5.000000000000e-01 
            1138  -2.353562629508e-02   4.587608800787e-03   5.000000000000e-01 
            1139  -4.194253683090e-02  -3.880486190319e-01  -2.772651910782e-01 
            1140   1.839268654585e-01  -3.374342322350e-01  -1.954211443663e-01 
            1141  -2.482162863016e-01  -1.815024167299e-01   3.884551227093e-01 
            1142   2.388944150880e-03  -2.906119227409e-01   3.548380732536e-01 
            1143  -5.281192266539e-02  -1.929280406663e-01   5.000000000000e-01 
            1144  -9.026690832708e-02  -3.609061899582e-01   5.000000000000e-01 
            1145  -9.026690832708e-02   3.609061899582e-01  -5.000000000000e-01 
            1146   3.641121286530e-01   6.521207576367e-02   5.000000000000e-01 
            1147   1.855078156236e-01   3.831293004880e-02   5.000000000000e-01 
end coordinates
return
