elmtloads
5403    0   1    0    0    0
5405    0   0    1    0    0
5409    0   1    0    0    0
5411    0   0    1    0    0
5415    0   1    0    0    0
5417    0   0    1    0    0
5421    0   1    0    0    0
5423    0   0    1    0    0
5427    0   1    0    0    0
5429    0   0    1    0    0
5433    0   1    0    0    0
5435    0   0    1    0    0
5439    0   1    0    0    0
5441    0   0    1    0    0
5445    0   1    0    0    0
5447    0   0    1    0    0
5451    0   1    0    0    0
5453    0   0    1    0    0
5457    0   1    0    0    0
5459    0   0    1    0    0
5463    0   1    0    0    0
5465    0   0    1    0    0
5469    0   1    0    0    0
5471    0   0    1    0    0
5475    0   1    0    0    0
5477    0   0    1    0    0
5481    0   1    0    0    0
5483    0   0    1    0    0
5487    0   1    0    0    0
5489    0   0    1    0    0
5493    0   1    0    0    0
5495    0   0    1    0    0
5499    0   1    0    0    0
5501    0   0    1    0    0
5505    0   1    0    0    0
5507    0   0    1    0    0
5511    0   1    0    0    0
5513    0   0    1    0    0
5517    0   1    0    0    0
5519    0   0    1    0    0
5523    0   1    0    0    0
5525    0   0    1    0    0
5529    0   1    0    0    0
5531    0   0    1    0    0
5535    0   1    0    0    0
5537    0   0    1    0    0
5541    0   1    0    0    0
5543    0   0    1    0    0
5547    0   1    0    0    0
5549    0   0    1    0    0
5553    0   1    0    0    0
5555    0   0    1    0    0
5559    0   1    0    0    0
5561    0   0    1    0    0
5565    0   1    0    0    0
5567    0   0    1    0    0
5571    0   1    0    0    0
5573    0   0    1    0    0
5577    0   1    0    0    0
5579    0   0    1    0    0
5583    0   1    0    0    0
5585    0   0    1    0    0
5589    0   1    0    0    0
5591    0   0    1    0    0
5595    0   1    0    0    0
5597    0   0    1    0    0
5601    0   1    0    0    0
5603    0   0    1    0    0
5607    0   1    0    0    0
5609    0   0    1    0    0
5613    0   1    0    0    0
5615    0   0    1    0    0
5619    0   1    0    0    0
5621    0   0    1    0    0
5625    0   1    0    0    0
5627    0   0    1    0    0
5631    0   1    0    0    0
5633    0   0    1    0    0
5637    0   1    0    0    0
5639    0   0    1    0    0
5643    0   1    0    0    0
5645    0   0    1    0    0
5649    0   1    0    0    0
5651    0   0    1    0    0
5655    0   1    0    0    0
5657    0   0    1    0    0
5661    0   1    0    0    0
5663    0   0    1    0    0
5667    0   1    0    0    0
5669    0   0    1    0    0
5673    0   1    0    0    0
5675    0   0    1    0    0
5679    0   1    0    0    0
5681    0   0    1    0    0
5685    0   1    0    0    0
5687    0   0    1    0    0
5691    0   1    0    0    0
5693    0   0    1    0    0
5697    0   1    0    0    0
5699    0   0    1    0    0
5703    0   1    0    0    0
5705    0   0    1    0    0
5709    0   1    0    0    0
5711    0   0    1    0    0
5715    0   1    0    0    0
5717    0   0    1    0    0
5721    0   1    0    0    0
5723    0   0    1    0    0
5727    0   1    0    0    0
5729    0   0    1    0    0
5733    0   1    0    0    0
5735    0   0    1    0    0
5739    0   1    0    0    0
5741    0   0    1    0    0
5745    0   1    0    0    0
5747    0   0    1    0    0
5751    0   1    0    0    0
5753    0   0    1    0    0
5757    0   1    0    0    0
5759    0   0    1    0    0
5763    0   1    0    0    0
5765    0   0    1    0    0
5769    0   1    0    0    0
5771    0   0    1    0    0
5775    0   1    0    0    0
5777    0   0    1    0    0
5781    0   1    0    0    0
5783    0   0    1    0    0
5787    0   1    0    0    0
5789    0   0    1    0    0
5793    0   1    0    0    0
5795    0   0    1    0    0
5799    0   1    0    0    0
5801    0   0    1    0    0
5805    0   1    0    0    0
5807    0   0    1    0    0
5811    0   1    0    0    0
5813    0   0    1    0    0
5817    0   1    0    0    0
5819    0   0    1    0    0
5823    0   1    0    0    0
5825    0   0    1    0    0
5829    0   1    0    0    0
5831    0   0    1    0    0
5835    0   1    0    0    0
5837    0   0    1    0    0
5841    0   1    0    0    0
5843    0   0    1    0    0
5847    0   1    0    0    0
5849    0   0    1    0    0
5853    0   1    0    0    0
5855    0   0    1    0    0
5859    0   1    0    0    0
5861    0   0    1    0    0
5865    0   1    0    0    0
5867    0   0    1    0    0
5871    0   1    0    0    0
5873    0   0    1    0    0
5877    0   1    0    0    0
5879    0   0    1    0    0
5883    0   1    0    0    0
5885    0   0    1    0    0
5889    0   1    0    0    0
5891    0   0    1    0    0
5895    0   1    0    0    0
5897    0   0    1    0    0
5901    0   1    0    0    0
5903    0   0    1    0    0
5907    0   1    0    0    0
5909    0   0    1    0    0
5913    0   1    0    0    0
5915    0   0    1    0    0
5919    0   1    0    0    0
5921    0   0    1    0    0
5925    0   1    0    0    0
5927    0   0    1    0    0
5931    0   1    0    0    0
5933    0   0    1    0    0
5937    0   1    0    0    0
5939    0   0    1    0    0
5943    0   1    0    0    0
5945    0   0    1    0    0
5949    0   1    0    0    0
5951    0   0    1    0    0
5955    0   1    0    0    0
5957    0   0    1    0    0
5961    0   1    0    0    0
5963    0   0    1    0    0
5967    0   1    0    0    0
5969    0   0    1    0    0
5973    0   1    0    0    0
5975    0   0    1    0    0
5979    0   1    0    0    0
5981    0   0    1    0    0
5985    0   1    0    0    0
5987    0   0    1    0    0
5991    0   1    0    0    0
5993    0   0    1    0    0
5997    0   1    0    0    0
5999    0   0    1    0    0
end elmtloads
return