# Variacao DeslocAndPress no tempo no ponto        1
        0                      0.000000                  0.0000000000                  0.0000000000                  0.0000000000                  0.0000000000
        1                   3600.000000                  0.0000000000                  0.0000000000                 -0.0159674582                  0.0000000000
        2                   7200.000000                  0.0000000000                  0.0000000000                 -0.0232977282                  0.0000000000
        3                  10800.000000                  0.0000000000                  0.0000000000                 -0.0289381565                  0.0000000000
        4                  14400.000000                  0.0000000000                  0.0000000000                 -0.0336678536                  0.0000000000
        5                  18000.000000                  0.0000000000                  0.0000000000                 -0.0378169019                  0.0000000000
        6                  21600.000000                  0.0000000000                  0.0000000000                 -0.0415561831                  0.0000000000
        7                  25200.000000                  0.0000000000                  0.0000000000                 -0.0449867585                  0.0000000000
        8                  28800.000000                  0.0000000000                  0.0000000000                 -0.0481740268                  0.0000000000
        9                  32400.000000                  0.0000000000                  0.0000000000                 -0.0511630844                  0.0000000000
       10                  36000.000000                  0.0000000000                  0.0000000000                 -0.0539865104                  0.0000000000
       11                  39600.000000                  0.0000000000                  0.0000000000                 -0.0566686854                  0.0000000000
       12                  43200.000000                  0.0000000000                  0.0000000000                 -0.0592283577                  0.0000000000
       13                  46800.000000                  0.0000000000                  0.0000000000                 -0.0616802585                  0.0000000000
       14                  50400.000000                  0.0000000000                  0.0000000000                 -0.0640361639                  0.0000000000
       15                  54000.000000                  0.0000000000                  0.0000000000                 -0.0663056234                  0.0000000000
       16                  57600.000000                  0.0000000000                  0.0000000000                 -0.0684964746                  0.0000000000
       17                  61200.000000                  0.0000000000                  0.0000000000                 -0.0706152184                  0.0000000000
       18                  64800.000000                  0.0000000000                  0.0000000000                 -0.0726672984                  0.0000000000
       19                  68400.000000                  0.0000000000                  0.0000000000                 -0.0746573138                  0.0000000000
       20                  72000.000000                  0.0000000000                  0.0000000000                 -0.0765891835                  0.0000000000
       21                  75600.000000                  0.0000000000                  0.0000000000                 -0.0784662749                  0.0000000000
       22                  79200.000000                  0.0000000000                  0.0000000000                 -0.0802915055                  0.0000000000
       23                  82800.000000                  0.0000000000                  0.0000000000                 -0.0820674242                  0.0000000000
       24                  86400.000000                  0.0000000000                  0.0000000000                 -0.0837962766                  0.0000000000
       25                  90000.000000                  0.0000000000                  0.0000000000                 -0.0854800577                  0.0000000000
       26                  93600.000000                  0.0000000000                  0.0000000000                 -0.0871205543                  0.0000000000
       27                  97200.000000                  0.0000000000                  0.0000000000                 -0.0887193799                  0.0000000000
       28                 100800.000000                  0.0000000000                  0.0000000000                 -0.0902780026                  0.0000000000
       29                 104400.000000                  0.0000000000                  0.0000000000                 -0.0917977688                  0.0000000000
       30                 108000.000000                  0.0000000000                  0.0000000000                 -0.0932799216                  0.0000000000
       31                 111600.000000                  0.0000000000                  0.0000000000                 -0.0947256163                  0.0000000000
       32                 115200.000000                  0.0000000000                  0.0000000000                 -0.0961359334                  0.0000000000
       33                 118800.000000                  0.0000000000                  0.0000000000                 -0.0975118889                  0.0000000000
       34                 122400.000000                  0.0000000000                  0.0000000000                 -0.0988544428                  0.0000000000
       35                 126000.000000                  0.0000000000                  0.0000000000                 -0.1001645065                  0.0000000000
       36                 129600.000000                  0.0000000000                  0.0000000000                 -0.1014429485                  0.0000000000
       37                 133200.000000                  0.0000000000                  0.0000000000                 -0.1026905992                  0.0000000000
       38                 136800.000000                  0.0000000000                  0.0000000000                 -0.1039082553                  0.0000000000
       39                 140400.000000                  0.0000000000                  0.0000000000                 -0.1050966827                  0.0000000000
       40                 144000.000000                  0.0000000000                  0.0000000000                 -0.1062566200                  0.0000000000
       41                 147600.000000                  0.0000000000                  0.0000000000                 -0.1073887800                  0.0000000000
       42                 151200.000000                  0.0000000000                  0.0000000000                 -0.1084938527                  0.0000000000
       43                 154800.000000                  0.0000000000                  0.0000000000                 -0.1095725061                  0.0000000000
       44                 158400.000000                  0.0000000000                  0.0000000000                 -0.1106253882                  0.0000000000
       45                 162000.000000                  0.0000000000                  0.0000000000                 -0.1116531284                  0.0000000000
       46                 165600.000000                  0.0000000000                  0.0000000000                 -0.1126563378                  0.0000000000
       47                 169200.000000                  0.0000000000                  0.0000000000                 -0.1136356111                  0.0000000000
       48                 172800.000000                  0.0000000000                  0.0000000000                 -0.1145915266                  0.0000000000
       49                 176400.000000                  0.0000000000                  0.0000000000                 -0.1155246475                  0.0000000000
       50                 180000.000000                  0.0000000000                  0.0000000000                 -0.1164355223                  0.0000000000
       51                 183600.000000                  0.0000000000                  0.0000000000                 -0.1173246853                  0.0000000000
       52                 187200.000000                  0.0000000000                  0.0000000000                 -0.1181926573                  0.0000000000
       53                 190800.000000                  0.0000000000                  0.0000000000                 -0.1190399461                  0.0000000000
       54                 194400.000000                  0.0000000000                  0.0000000000                 -0.1198670466                  0.0000000000
       55                 198000.000000                  0.0000000000                  0.0000000000                 -0.1206744419                  0.0000000000
       56                 201600.000000                  0.0000000000                  0.0000000000                 -0.1214626026                  0.0000000000
       57                 205200.000000                  0.0000000000                  0.0000000000                 -0.1222319884                  0.0000000000
       58                 208800.000000                  0.0000000000                  0.0000000000                 -0.1229830473                  0.0000000000
       59                 212400.000000                  0.0000000000                  0.0000000000                 -0.1237162168                  0.0000000000
       60                 216000.000000                  0.0000000000                  0.0000000000                 -0.1244319237                  0.0000000000
       61                 219600.000000                  0.0000000000                  0.0000000000                 -0.1251305843                  0.0000000000
       62                 223200.000000                  0.0000000000                  0.0000000000                 -0.1258126051                  0.0000000000
       63                 226800.000000                  0.0000000000                  0.0000000000                 -0.1264783827                  0.0000000000
       64                 230400.000000                  0.0000000000                  0.0000000000                 -0.1271283044                  0.0000000000
       65                 234000.000000                  0.0000000000                  0.0000000000                 -0.1277627480                  0.0000000000
       66                 237600.000000                  0.0000000000                  0.0000000000                 -0.1283820823                  0.0000000000
       67                 241200.000000                  0.0000000000                  0.0000000000                 -0.1289866672                  0.0000000000
       68                 244800.000000                  0.0000000000                  0.0000000000                 -0.1295768542                  0.0000000000
       69                 248400.000000                  0.0000000000                  0.0000000000                 -0.1301529862                  0.0000000000
       70                 252000.000000                  0.0000000000                  0.0000000000                 -0.1307153981                  0.0000000000
       71                 255600.000000                  0.0000000000                  0.0000000000                 -0.1312644166                  0.0000000000
       72                 259200.000000                  0.0000000000                  0.0000000000                 -0.1318003608                  0.0000000000
       73                 262800.000000                  0.0000000000                  0.0000000000                 -0.1323235421                  0.0000000000
       74                 266400.000000                  0.0000000000                  0.0000000000                 -0.1328342644                  0.0000000000
       75                 270000.000000                  0.0000000000                  0.0000000000                 -0.1333328244                  0.0000000000
       76                 273600.000000                  0.0000000000                  0.0000000000                 -0.1338195119                  0.0000000000
       77                 277200.000000                  0.0000000000                  0.0000000000                 -0.1342946095                  0.0000000000
       78                 280800.000000                  0.0000000000                  0.0000000000                 -0.1347583934                  0.0000000000
       79                 284400.000000                  0.0000000000                  0.0000000000                 -0.1352111328                  0.0000000000
       80                 288000.000000                  0.0000000000                  0.0000000000                 -0.1356530909                  0.0000000000
       81                 291600.000000                  0.0000000000                  0.0000000000                 -0.1360845244                  0.0000000000
       82                 295200.000000                  0.0000000000                  0.0000000000                 -0.1365056839                  0.0000000000
       83                 298800.000000                  0.0000000000                  0.0000000000                 -0.1369168141                  0.0000000000
       84                 302400.000000                  0.0000000000                  0.0000000000                 -0.1373181539                  0.0000000000
       85                 306000.000000                  0.0000000000                  0.0000000000                 -0.1377099363                  0.0000000000
       86                 309600.000000                  0.0000000000                  0.0000000000                 -0.1380923890                  0.0000000000
       87                 313200.000000                  0.0000000000                  0.0000000000                 -0.1384657342                  0.0000000000
       88                 316800.000000                  0.0000000000                  0.0000000000                 -0.1388301887                  0.0000000000
       89                 320400.000000                  0.0000000000                  0.0000000000                 -0.1391859643                  0.0000000000
       90                 324000.000000                  0.0000000000                  0.0000000000                 -0.1395332676                  0.0000000000
       91                 327600.000000                  0.0000000000                  0.0000000000                 -0.1398723004                  0.0000000000
       92                 331200.000000                  0.0000000000                  0.0000000000                 -0.1402032597                  0.0000000000
       93                 334800.000000                  0.0000000000                  0.0000000000                 -0.1405263377                  0.0000000000
       94                 338400.000000                  0.0000000000                  0.0000000000                 -0.1408417220                  0.0000000000
       95                 342000.000000                  0.0000000000                  0.0000000000                 -0.1411495960                  0.0000000000
       96                 345600.000000                  0.0000000000                  0.0000000000                 -0.1414501384                  0.0000000000
       97                 349200.000000                  0.0000000000                  0.0000000000                 -0.1417435238                  0.0000000000
       98                 352800.000000                  0.0000000000                  0.0000000000                 -0.1420299227                  0.0000000000
       99                 356400.000000                  0.0000000000                  0.0000000000                 -0.1423095015                  0.0000000000
      100                 360000.000000                  0.0000000000                  0.0000000000                 -0.1425824225                  0.0000000000
      101                 363600.000000                  0.0000000000                  0.0000000000                 -0.1428488443                  0.0000000000
      102                 367200.000000                  0.0000000000                  0.0000000000                 -0.1431089217                  0.0000000000
      103                 370800.000000                  0.0000000000                  0.0000000000                 -0.1433628057                  0.0000000000
      104                 374400.000000                  0.0000000000                  0.0000000000                 -0.1436106439                  0.0000000000
      105                 378000.000000                  0.0000000000                  0.0000000000                 -0.1438525802                  0.0000000000
      106                 381600.000000                  0.0000000000                  0.0000000000                 -0.1440887552                  0.0000000000
      107                 385200.000000                  0.0000000000                  0.0000000000                 -0.1443193060                  0.0000000000
      108                 388800.000000                  0.0000000000                  0.0000000000                 -0.1445443665                  0.0000000000
      109                 392400.000000                  0.0000000000                  0.0000000000                 -0.1447640677                  0.0000000000
      110                 396000.000000                  0.0000000000                  0.0000000000                 -0.1449785369                  0.0000000000
      111                 399600.000000                  0.0000000000                  0.0000000000                 -0.1451878989                  0.0000000000
      112                 403200.000000                  0.0000000000                  0.0000000000                 -0.1453922753                  0.0000000000
      113                 406800.000000                  0.0000000000                  0.0000000000                 -0.1455917848                  0.0000000000
      114                 410400.000000                  0.0000000000                  0.0000000000                 -0.1457865432                  0.0000000000
      115                 414000.000000                  0.0000000000                  0.0000000000                 -0.1459766638                  0.0000000000
      116                 417600.000000                  0.0000000000                  0.0000000000                 -0.1461622569                  0.0000000000
      117                 421200.000000                  0.0000000000                  0.0000000000                 -0.1463434304                  0.0000000000
      118                 424800.000000                  0.0000000000                  0.0000000000                 -0.1465202896                  0.0000000000
      119                 428400.000000                  0.0000000000                  0.0000000000                 -0.1466929371                  0.0000000000
      120                 432000.000000                  0.0000000000                  0.0000000000                 -0.1468614733                  0.0000000000
      121                 435600.000000                  0.0000000000                  0.0000000000                 -0.1470259960                  0.0000000000
      122                 439200.000000                  0.0000000000                  0.0000000000                 -0.1471866009                  0.0000000000
      123                 442800.000000                  0.0000000000                  0.0000000000                 -0.1473433813                  0.0000000000
      124                 446400.000000                  0.0000000000                  0.0000000000                 -0.1474964281                  0.0000000000
      125                 450000.000000                  0.0000000000                  0.0000000000                 -0.1476458304                  0.0000000000
      126                 453600.000000                  0.0000000000                  0.0000000000                 -0.1477916749                  0.0000000000
      127                 457200.000000                  0.0000000000                  0.0000000000                 -0.1479340463                  0.0000000000
      128                 460800.000000                  0.0000000000                  0.0000000000                 -0.1480730273                  0.0000000000
      129                 464400.000000                  0.0000000000                  0.0000000000                 -0.1482086988                  0.0000000000
      130                 468000.000000                  0.0000000000                  0.0000000000                 -0.1483411394                  0.0000000000
      131                 471600.000000                  0.0000000000                  0.0000000000                 -0.1484704262                  0.0000000000
      132                 475200.000000                  0.0000000000                  0.0000000000                 -0.1485966342                  0.0000000000
      133                 478800.000000                  0.0000000000                  0.0000000000                 -0.1487198367                  0.0000000000
      134                 482400.000000                  0.0000000000                  0.0000000000                 -0.1488401054                  0.0000000000
      135                 486000.000000                  0.0000000000                  0.0000000000                 -0.1489575100                  0.0000000000
      136                 489600.000000                  0.0000000000                  0.0000000000                 -0.1490721189                  0.0000000000
      137                 493200.000000                  0.0000000000                  0.0000000000                 -0.1491839985                  0.0000000000
      138                 496800.000000                  0.0000000000                  0.0000000000                 -0.1492932138                  0.0000000000
      139                 500400.000000                  0.0000000000                  0.0000000000                 -0.1493998284                  0.0000000000
      140                 504000.000000                  0.0000000000                  0.0000000000                 -0.1495039041                  0.0000000000
      141                 507600.000000                  0.0000000000                  0.0000000000                 -0.1496055014                  0.0000000000
      142                 511200.000000                  0.0000000000                  0.0000000000                 -0.1497046793                  0.0000000000
      143                 514800.000000                  0.0000000000                  0.0000000000                 -0.1498014954                  0.0000000000
      144                 518400.000000                  0.0000000000                  0.0000000000                 -0.1498960060                  0.0000000000
      145                 522000.000000                  0.0000000000                  0.0000000000                 -0.1499882660                  0.0000000000
      146                 525600.000000                  0.0000000000                  0.0000000000                 -0.1500783290                  0.0000000000
      147                 529200.000000                  0.0000000000                  0.0000000000                 -0.1501662472                  0.0000000000
      148                 532800.000000                  0.0000000000                  0.0000000000                 -0.1502520718                  0.0000000000
      149                 536400.000000                  0.0000000000                  0.0000000000                 -0.1503358526                  0.0000000000
      150                 540000.000000                  0.0000000000                  0.0000000000                 -0.1504176383                  0.0000000000
      151                 543600.000000                  0.0000000000                  0.0000000000                 -0.1504974765                  0.0000000000
      152                 547200.000000                  0.0000000000                  0.0000000000                 -0.1505754133                  0.0000000000
      153                 550800.000000                  0.0000000000                  0.0000000000                 -0.1506514943                  0.0000000000
      154                 554400.000000                  0.0000000000                  0.0000000000                 -0.1507257635                  0.0000000000
      155                 558000.000000                  0.0000000000                  0.0000000000                 -0.1507982640                  0.0000000000
      156                 561600.000000                  0.0000000000                  0.0000000000                 -0.1508690381                  0.0000000000
      157                 565200.000000                  0.0000000000                  0.0000000000                 -0.1509381268                  0.0000000000
      158                 568800.000000                  0.0000000000                  0.0000000000                 -0.1510055703                  0.0000000000
      159                 572400.000000                  0.0000000000                  0.0000000000                 -0.1510714077                  0.0000000000
      160                 576000.000000                  0.0000000000                  0.0000000000                 -0.1511356773                  0.0000000000
      161                 579600.000000                  0.0000000000                  0.0000000000                 -0.1511984164                  0.0000000000
      162                 583200.000000                  0.0000000000                  0.0000000000                 -0.1512596615                  0.0000000000
      163                 586800.000000                  0.0000000000                  0.0000000000                 -0.1513194481                  0.0000000000
      164                 590400.000000                  0.0000000000                  0.0000000000                 -0.1513778110                  0.0000000000
      165                 594000.000000                  0.0000000000                  0.0000000000                 -0.1514347840                  0.0000000000
      166                 597600.000000                  0.0000000000                  0.0000000000                 -0.1514904004                  0.0000000000
      167                 601200.000000                  0.0000000000                  0.0000000000                 -0.1515446923                  0.0000000000
      168                 604800.000000                  0.0000000000                  0.0000000000                 -0.1515976913                  0.0000000000
      169                 608400.000000                  0.0000000000                  0.0000000000                 -0.1516494283                  0.0000000000
      170                 612000.000000                  0.0000000000                  0.0000000000                 -0.1516999332                  0.0000000000
      171                 615600.000000                  0.0000000000                  0.0000000000                 -0.1517492354                  0.0000000000
      172                 619200.000000                  0.0000000000                  0.0000000000                 -0.1517973636                  0.0000000000
      173                 622800.000000                  0.0000000000                  0.0000000000                 -0.1518443456                  0.0000000000
      174                 626400.000000                  0.0000000000                  0.0000000000                 -0.1518902089                  0.0000000000
      175                 630000.000000                  0.0000000000                  0.0000000000                 -0.1519349800                  0.0000000000
      176                 633600.000000                  0.0000000000                  0.0000000000                 -0.1519786849                  0.0000000000
      177                 637200.000000                  0.0000000000                  0.0000000000                 -0.1520213491                  0.0000000000
      178                 640800.000000                  0.0000000000                  0.0000000000                 -0.1520629972                  0.0000000000
      179                 644400.000000                  0.0000000000                  0.0000000000                 -0.1521036536                  0.0000000000
      180                 648000.000000                  0.0000000000                  0.0000000000                 -0.1521433419                  0.0000000000
      181                 651600.000000                  0.0000000000                  0.0000000000                 -0.1521820850                  0.0000000000
      182                 655200.000000                  0.0000000000                  0.0000000000                 -0.1522199055                  0.0000000000
      183                 658800.000000                  0.0000000000                  0.0000000000                 -0.1522568254                  0.0000000000
      184                 662400.000000                  0.0000000000                  0.0000000000                 -0.1522928660                  0.0000000000
      185                 666000.000000                  0.0000000000                  0.0000000000                 -0.1523280485                  0.0000000000
      186                 669600.000000                  0.0000000000                  0.0000000000                 -0.1523623931                  0.0000000000
      187                 673200.000000                  0.0000000000                  0.0000000000                 -0.1523959198                  0.0000000000
      188                 676800.000000                  0.0000000000                  0.0000000000                 -0.1524286482                  0.0000000000
      189                 680400.000000                  0.0000000000                  0.0000000000                 -0.1524605971                  0.0000000000
      190                 684000.000000                  0.0000000000                  0.0000000000                 -0.1524917853                  0.0000000000
      191                 687600.000000                  0.0000000000                  0.0000000000                 -0.1525222308                  0.0000000000
      192                 691200.000000                  0.0000000000                  0.0000000000                 -0.1525519512                  0.0000000000
      193                 694800.000000                  0.0000000000                  0.0000000000                 -0.1525809639                  0.0000000000
      194                 698400.000000                  0.0000000000                  0.0000000000                 -0.1526092857                  0.0000000000
      195                 702000.000000                  0.0000000000                  0.0000000000                 -0.1526369331                  0.0000000000
      196                 705600.000000                  0.0000000000                  0.0000000000                 -0.1526639221                  0.0000000000
      197                 709200.000000                  0.0000000000                  0.0000000000                 -0.1526902684                  0.0000000000
      198                 712800.000000                  0.0000000000                  0.0000000000                 -0.1527159873                  0.0000000000
      199                 716400.000000                  0.0000000000                  0.0000000000                 -0.1527410937                  0.0000000000
      200                 720000.000000                  0.0000000000                  0.0000000000                 -0.1527656023                  0.0000000000
      201                 723600.000000                  0.0000000000                  0.0000000000                 -0.1527895272                  0.0000000000
      202                 727200.000000                  0.0000000000                  0.0000000000                 -0.1528128824                  0.0000000000
      203                 730800.000000                  0.0000000000                  0.0000000000                 -0.1528356814                  0.0000000000
      204                 734400.000000                  0.0000000000                  0.0000000000                 -0.1528579375                  0.0000000000
      205                 738000.000000                  0.0000000000                  0.0000000000                 -0.1528796636                  0.0000000000
      206                 741600.000000                  0.0000000000                  0.0000000000                 -0.1529008724                  0.0000000000
      207                 745200.000000                  0.0000000000                  0.0000000000                 -0.1529215761                  0.0000000000
      208                 748800.000000                  0.0000000000                  0.0000000000                 -0.1529417867                  0.0000000000
      209                 752400.000000                  0.0000000000                  0.0000000000                 -0.1529615161                  0.0000000000
      210                 756000.000000                  0.0000000000                  0.0000000000                 -0.1529807756                  0.0000000000
      211                 759600.000000                  0.0000000000                  0.0000000000                 -0.1529995765                  0.0000000000
      212                 763200.000000                  0.0000000000                  0.0000000000                 -0.1530179297                  0.0000000000
      213                 766800.000000                  0.0000000000                  0.0000000000                 -0.1530358459                  0.0000000000
      214                 770400.000000                  0.0000000000                  0.0000000000                 -0.1530533353                  0.0000000000
      215                 774000.000000                  0.0000000000                  0.0000000000                 -0.1530704084                  0.0000000000
      216                 777600.000000                  0.0000000000                  0.0000000000                 -0.1530870748                  0.0000000000
      217                 781200.000000                  0.0000000000                  0.0000000000                 -0.1531033443                  0.0000000000
      218                 784800.000000                  0.0000000000                  0.0000000000                 -0.1531192265                  0.0000000000
      219                 788400.000000                  0.0000000000                  0.0000000000                 -0.1531347304                  0.0000000000
      220                 792000.000000                  0.0000000000                  0.0000000000                 -0.1531498651                  0.0000000000
      221                 795600.000000                  0.0000000000                  0.0000000000                 -0.1531646394                  0.0000000000
      222                 799200.000000                  0.0000000000                  0.0000000000                 -0.1531790619                  0.0000000000
      223                 802800.000000                  0.0000000000                  0.0000000000                 -0.1531931409                  0.0000000000
      224                 806400.000000                  0.0000000000                  0.0000000000                 -0.1532068846                  0.0000000000
      225                 810000.000000                  0.0000000000                  0.0000000000                 -0.1532203011                  0.0000000000
      226                 813600.000000                  0.0000000000                  0.0000000000                 -0.1532333981                  0.0000000000
      227                 817200.000000                  0.0000000000                  0.0000000000                 -0.1532461832                  0.0000000000
      228                 820800.000000                  0.0000000000                  0.0000000000                 -0.1532586638                  0.0000000000
      229                 824400.000000                  0.0000000000                  0.0000000000                 -0.1532708472                  0.0000000000
      230                 828000.000000                  0.0000000000                  0.0000000000                 -0.1532827405                  0.0000000000
      231                 831600.000000                  0.0000000000                  0.0000000000                 -0.1532943506                  0.0000000000
      232                 835200.000000                  0.0000000000                  0.0000000000                 -0.1533056842                  0.0000000000
      233                 838800.000000                  0.0000000000                  0.0000000000                 -0.1533167479                  0.0000000000
      234                 842400.000000                  0.0000000000                  0.0000000000                 -0.1533275481                  0.0000000000
      235                 846000.000000                  0.0000000000                  0.0000000000                 -0.1533380912                  0.0000000000
      236                 849600.000000                  0.0000000000                  0.0000000000                 -0.1533483831                  0.0000000000
      237                 853200.000000                  0.0000000000                  0.0000000000                 -0.1533584300                  0.0000000000
      238                 856800.000000                  0.0000000000                  0.0000000000                 -0.1533682377                  0.0000000000
      239                 860400.000000                  0.0000000000                  0.0000000000                 -0.1533778118                  0.0000000000
      240                 864000.000000                  0.0000000000                  0.0000000000                 -0.1533871579                  0.0000000000
      241                 867600.000000                  0.0000000000                  0.0000000000                 -0.1533962814                  0.0000000000
      242                 871200.000000                  0.0000000000                  0.0000000000                 -0.1534051877                  0.0000000000
      243                 874800.000000                  0.0000000000                  0.0000000000                 -0.1534138819                  0.0000000000
      244                 878400.000000                  0.0000000000                  0.0000000000                 -0.1534223690                  0.0000000000
      245                 882000.000000                  0.0000000000                  0.0000000000                 -0.1534306540                  0.0000000000
      246                 885600.000000                  0.0000000000                  0.0000000000                 -0.1534387418                  0.0000000000
      247                 889200.000000                  0.0000000000                  0.0000000000                 -0.1534466369                  0.0000000000
      248                 892800.000000                  0.0000000000                  0.0000000000                 -0.1534543440                  0.0000000000
      249                 896400.000000                  0.0000000000                  0.0000000000                 -0.1534618676                  0.0000000000
      250                 900000.000000                  0.0000000000                  0.0000000000                 -0.1534692121                  0.0000000000
      251                 903600.000000                  0.0000000000                  0.0000000000                 -0.1534763816                  0.0000000000
      252                 907200.000000                  0.0000000000                  0.0000000000                 -0.1534833804                  0.0000000000
      253                 910800.000000                  0.0000000000                  0.0000000000                 -0.1534902126                  0.0000000000
      254                 914400.000000                  0.0000000000                  0.0000000000                 -0.1534968820                  0.0000000000
      255                 918000.000000                  0.0000000000                  0.0000000000                 -0.1535033926                  0.0000000000
      256                 921600.000000                  0.0000000000                  0.0000000000                 -0.1535097482                  0.0000000000
      257                 925200.000000                  0.0000000000                  0.0000000000                 -0.1535159524                  0.0000000000
      258                 928800.000000                  0.0000000000                  0.0000000000                 -0.1535220089                  0.0000000000
      259                 932400.000000                  0.0000000000                  0.0000000000                 -0.1535279212                  0.0000000000
      260                 936000.000000                  0.0000000000                  0.0000000000                 -0.1535336926                  0.0000000000
      261                 939600.000000                  0.0000000000                  0.0000000000                 -0.1535393267                  0.0000000000
      262                 943200.000000                  0.0000000000                  0.0000000000                 -0.1535448265                  0.0000000000
      263                 946800.000000                  0.0000000000                  0.0000000000                 -0.1535501954                  0.0000000000
      264                 950400.000000                  0.0000000000                  0.0000000000                 -0.1535554365                  0.0000000000
      265                 954000.000000                  0.0000000000                  0.0000000000                 -0.1535605527                  0.0000000000
      266                 957600.000000                  0.0000000000                  0.0000000000                 -0.1535655471                  0.0000000000
      267                 961200.000000                  0.0000000000                  0.0000000000                 -0.1535704226                  0.0000000000
      268                 964800.000000                  0.0000000000                  0.0000000000                 -0.1535751819                  0.0000000000
      269                 968400.000000                  0.0000000000                  0.0000000000                 -0.1535798280                  0.0000000000
      270                 972000.000000                  0.0000000000                  0.0000000000                 -0.1535843634                  0.0000000000
      271                 975600.000000                  0.0000000000                  0.0000000000                 -0.1535887907                  0.0000000000
      272                 979200.000000                  0.0000000000                  0.0000000000                 -0.1535931127                  0.0000000000
      273                 982800.000000                  0.0000000000                  0.0000000000                 -0.1535973317                  0.0000000000
      274                 986400.000000                  0.0000000000                  0.0000000000                 -0.1536014503                  0.0000000000
      275                 990000.000000                  0.0000000000                  0.0000000000                 -0.1536054708                  0.0000000000
      276                 993600.000000                  0.0000000000                  0.0000000000                 -0.1536093955                  0.0000000000
      277                 997200.000000                  0.0000000000                  0.0000000000                 -0.1536132268                  0.0000000000
      278                1000800.000000                  0.0000000000                  0.0000000000                 -0.1536169669                  0.0000000000
      279                1004400.000000                  0.0000000000                  0.0000000000                 -0.1536206178                  0.0000000000
      280                1008000.000000                  0.0000000000                  0.0000000000                 -0.1536241819                  0.0000000000
      281                1011600.000000                  0.0000000000                  0.0000000000                 -0.1536276610                  0.0000000000
      282                1015200.000000                  0.0000000000                  0.0000000000                 -0.1536310574                  0.0000000000
      283                1018800.000000                  0.0000000000                  0.0000000000                 -0.1536343728                  0.0000000000
      284                1022400.000000                  0.0000000000                  0.0000000000                 -0.1536376093                  0.0000000000
      285                1026000.000000                  0.0000000000                  0.0000000000                 -0.1536407687                  0.0000000000
      286                1029600.000000                  0.0000000000                  0.0000000000                 -0.1536438529                  0.0000000000
      287                1033200.000000                  0.0000000000                  0.0000000000                 -0.1536468636                  0.0000000000
      288                1036800.000000                  0.0000000000                  0.0000000000                 -0.1536498027                  0.0000000000
      289                1040400.000000                  0.0000000000                  0.0000000000                 -0.1536526717                  0.0000000000
      290                1044000.000000                  0.0000000000                  0.0000000000                 -0.1536554724                  0.0000000000
      291                1047600.000000                  0.0000000000                  0.0000000000                 -0.1536582065                  0.0000000000
      292                1051200.000000                  0.0000000000                  0.0000000000                 -0.1536608754                  0.0000000000
      293                1054800.000000                  0.0000000000                  0.0000000000                 -0.1536634808                  0.0000000000
      294                1058400.000000                  0.0000000000                  0.0000000000                 -0.1536660241                  0.0000000000
      295                1062000.000000                  0.0000000000                  0.0000000000                 -0.1536685068                  0.0000000000
      296                1065600.000000                  0.0000000000                  0.0000000000                 -0.1536709305                  0.0000000000
      297                1069200.000000                  0.0000000000                  0.0000000000                 -0.1536732964                  0.0000000000
      298                1072800.000000                  0.0000000000                  0.0000000000                 -0.1536756060                  0.0000000000
      299                1076400.000000                  0.0000000000                  0.0000000000                 -0.1536778606                  0.0000000000
      300                1080000.000000                  0.0000000000                  0.0000000000                 -0.1536800615                  0.0000000000
      301                1083600.000000                  0.0000000000                  0.0000000000                 -0.1536822099                  0.0000000000
      302                1087200.000000                  0.0000000000                  0.0000000000                 -0.1536843073                  0.0000000000
      303                1090800.000000                  0.0000000000                  0.0000000000                 -0.1536863546                  0.0000000000
      304                1094400.000000                  0.0000000000                  0.0000000000                 -0.1536883532                  0.0000000000
      305                1098000.000000                  0.0000000000                  0.0000000000                 -0.1536903043                  0.0000000000
      306                1101600.000000                  0.0000000000                  0.0000000000                 -0.1536922088                  0.0000000000
      307                1105200.000000                  0.0000000000                  0.0000000000                 -0.1536940680                  0.0000000000
      308                1108800.000000                  0.0000000000                  0.0000000000                 -0.1536958830                  0.0000000000
      309                1112400.000000                  0.0000000000                  0.0000000000                 -0.1536976547                  0.0000000000
      310                1116000.000000                  0.0000000000                  0.0000000000                 -0.1536993842                  0.0000000000
      311                1119600.000000                  0.0000000000                  0.0000000000                 -0.1537010726                  0.0000000000
      312                1123200.000000                  0.0000000000                  0.0000000000                 -0.1537027207                  0.0000000000
      313                1126800.000000                  0.0000000000                  0.0000000000                 -0.1537043296                  0.0000000000
      314                1130400.000000                  0.0000000000                  0.0000000000                 -0.1537059002                  0.0000000000
      315                1134000.000000                  0.0000000000                  0.0000000000                 -0.1537074333                  0.0000000000
      316                1137600.000000                  0.0000000000                  0.0000000000                 -0.1537089300                  0.0000000000
      317                1141200.000000                  0.0000000000                  0.0000000000                 -0.1537103910                  0.0000000000
      318                1144800.000000                  0.0000000000                  0.0000000000                 -0.1537118172                  0.0000000000
      319                1148400.000000                  0.0000000000                  0.0000000000                 -0.1537132095                  0.0000000000
      320                1152000.000000                  0.0000000000                  0.0000000000                 -0.1537145686                  0.0000000000
      321                1155600.000000                  0.0000000000                  0.0000000000                 -0.1537158954                  0.0000000000
      322                1159200.000000                  0.0000000000                  0.0000000000                 -0.1537171905                  0.0000000000
      323                1162800.000000                  0.0000000000                  0.0000000000                 -0.1537184548                  0.0000000000
      324                1166400.000000                  0.0000000000                  0.0000000000                 -0.1537196890                  0.0000000000
      325                1170000.000000                  0.0000000000                  0.0000000000                 -0.1537208938                  0.0000000000
      326                1173600.000000                  0.0000000000                  0.0000000000                 -0.1537220700                  0.0000000000
      327                1177200.000000                  0.0000000000                  0.0000000000                 -0.1537232181                  0.0000000000
      328                1180800.000000                  0.0000000000                  0.0000000000                 -0.1537243388                  0.0000000000
      329                1184400.000000                  0.0000000000                  0.0000000000                 -0.1537254329                  0.0000000000
      330                1188000.000000                  0.0000000000                  0.0000000000                 -0.1537265010                  0.0000000000
      331                1191600.000000                  0.0000000000                  0.0000000000                 -0.1537275435                  0.0000000000
      332                1195200.000000                  0.0000000000                  0.0000000000                 -0.1537285613                  0.0000000000
      333                1198800.000000                  0.0000000000                  0.0000000000                 -0.1537295548                  0.0000000000
      334                1202400.000000                  0.0000000000                  0.0000000000                 -0.1537305247                  0.0000000000
      335                1206000.000000                  0.0000000000                  0.0000000000                 -0.1537314715                  0.0000000000
      336                1209600.000000                  0.0000000000                  0.0000000000                 -0.1537323957                  0.0000000000
      337                1213200.000000                  0.0000000000                  0.0000000000                 -0.1537332979                  0.0000000000
      338                1216800.000000                  0.0000000000                  0.0000000000                 -0.1537341787                  0.0000000000
      339                1220400.000000                  0.0000000000                  0.0000000000                 -0.1537350384                  0.0000000000
      340                1224000.000000                  0.0000000000                  0.0000000000                 -0.1537358777                  0.0000000000
      341                1227600.000000                  0.0000000000                  0.0000000000                 -0.1537366970                  0.0000000000
      342                1231200.000000                  0.0000000000                  0.0000000000                 -0.1537374968                  0.0000000000
      343                1234800.000000                  0.0000000000                  0.0000000000                 -0.1537382776                  0.0000000000
      344                1238400.000000                  0.0000000000                  0.0000000000                 -0.1537390397                  0.0000000000
      345                1242000.000000                  0.0000000000                  0.0000000000                 -0.1537397837                  0.0000000000
      346                1245600.000000                  0.0000000000                  0.0000000000                 -0.1537405100                  0.0000000000
      347                1249200.000000                  0.0000000000                  0.0000000000                 -0.1537412190                  0.0000000000
      348                1252800.000000                  0.0000000000                  0.0000000000                 -0.1537419111                  0.0000000000
      349                1256400.000000                  0.0000000000                  0.0000000000                 -0.1537425867                  0.0000000000
      350                1260000.000000                  0.0000000000                  0.0000000000                 -0.1537432463                  0.0000000000
      351                1263600.000000                  0.0000000000                  0.0000000000                 -0.1537438901                  0.0000000000
      352                1267200.000000                  0.0000000000                  0.0000000000                 -0.1537445186                  0.0000000000
      353                1270800.000000                  0.0000000000                  0.0000000000                 -0.1537451321                  0.0000000000
      354                1274400.000000                  0.0000000000                  0.0000000000                 -0.1537457311                  0.0000000000
      355                1278000.000000                  0.0000000000                  0.0000000000                 -0.1537463157                  0.0000000000
      356                1281600.000000                  0.0000000000                  0.0000000000                 -0.1537468865                  0.0000000000
      357                1285200.000000                  0.0000000000                  0.0000000000                 -0.1537474436                  0.0000000000
      358                1288800.000000                  0.0000000000                  0.0000000000                 -0.1537479875                  0.0000000000
      359                1292400.000000                  0.0000000000                  0.0000000000                 -0.1537485184                  0.0000000000
      360                1296000.000000                  0.0000000000                  0.0000000000                 -0.1537490367                  0.0000000000
      361                1299600.000000                  0.0000000000                  0.0000000000                 -0.1537495426                  0.0000000000
      362                1303200.000000                  0.0000000000                  0.0000000000                 -0.1537500365                  0.0000000000
      363                1306800.000000                  0.0000000000                  0.0000000000                 -0.1537505187                  0.0000000000
      364                1310400.000000                  0.0000000000                  0.0000000000                 -0.1537509893                  0.0000000000
      365                1314000.000000                  0.0000000000                  0.0000000000                 -0.1537514488                  0.0000000000
      366                1317600.000000                  0.0000000000                  0.0000000000                 -0.1537518973                  0.0000000000
      367                1321200.000000                  0.0000000000                  0.0000000000                 -0.1537523351                  0.0000000000
      368                1324800.000000                  0.0000000000                  0.0000000000                 -0.1537527625                  0.0000000000
      369                1328400.000000                  0.0000000000                  0.0000000000                 -0.1537531797                  0.0000000000
      370                1332000.000000                  0.0000000000                  0.0000000000                 -0.1537535870                  0.0000000000
      371                1335600.000000                  0.0000000000                  0.0000000000                 -0.1537539846                  0.0000000000
      372                1339200.000000                  0.0000000000                  0.0000000000                 -0.1537543727                  0.0000000000
      373                1342800.000000                  0.0000000000                  0.0000000000                 -0.1537547515                  0.0000000000
      374                1346400.000000                  0.0000000000                  0.0000000000                 -0.1537551214                  0.0000000000
      375                1350000.000000                  0.0000000000                  0.0000000000                 -0.1537554824                  0.0000000000
      376                1353600.000000                  0.0000000000                  0.0000000000                 -0.1537558349                  0.0000000000
      377                1357200.000000                  0.0000000000                  0.0000000000                 -0.1537561789                  0.0000000000
      378                1360800.000000                  0.0000000000                  0.0000000000                 -0.1537565148                  0.0000000000
      379                1364400.000000                  0.0000000000                  0.0000000000                 -0.1537568427                  0.0000000000
      380                1368000.000000                  0.0000000000                  0.0000000000                 -0.1537571627                  0.0000000000
      381                1371600.000000                  0.0000000000                  0.0000000000                 -0.1537574751                  0.0000000000
      382                1375200.000000                  0.0000000000                  0.0000000000                 -0.1537577801                  0.0000000000
      383                1378800.000000                  0.0000000000                  0.0000000000                 -0.1537580779                  0.0000000000
      384                1382400.000000                  0.0000000000                  0.0000000000                 -0.1537583685                  0.0000000000
      385                1386000.000000                  0.0000000000                  0.0000000000                 -0.1537586522                  0.0000000000
      386                1389600.000000                  0.0000000000                  0.0000000000                 -0.1537589292                  0.0000000000
      387                1393200.000000                  0.0000000000                  0.0000000000                 -0.1537591996                  0.0000000000
      388                1396800.000000                  0.0000000000                  0.0000000000                 -0.1537594635                  0.0000000000
      389                1400400.000000                  0.0000000000                  0.0000000000                 -0.1537597211                  0.0000000000
      390                1404000.000000                  0.0000000000                  0.0000000000                 -0.1537599726                  0.0000000000
      391                1407600.000000                  0.0000000000                  0.0000000000                 -0.1537602182                  0.0000000000
      392                1411200.000000                  0.0000000000                  0.0000000000                 -0.1537604578                  0.0000000000
      393                1414800.000000                  0.0000000000                  0.0000000000                 -0.1537606918                  0.0000000000
      394                1418400.000000                  0.0000000000                  0.0000000000                 -0.1537609202                  0.0000000000
      395                1422000.000000                  0.0000000000                  0.0000000000                 -0.1537611431                  0.0000000000
      396                1425600.000000                  0.0000000000                  0.0000000000                 -0.1537613608                  0.0000000000
      397                1429200.000000                  0.0000000000                  0.0000000000                 -0.1537615732                  0.0000000000
      398                1432800.000000                  0.0000000000                  0.0000000000                 -0.1537617806                  0.0000000000
      399                1436400.000000                  0.0000000000                  0.0000000000                 -0.1537619831                  0.0000000000
      400                1440000.000000                  0.0000000000                  0.0000000000                 -0.1537621807                  0.0000000000
      401                1443600.000000                  0.0000000000                  0.0000000000                 -0.1537623737                  0.0000000000
      402                1447200.000000                  0.0000000000                  0.0000000000                 -0.1537625620                  0.0000000000
      403                1450800.000000                  0.0000000000                  0.0000000000                 -0.1537627459                  0.0000000000
      404                1454400.000000                  0.0000000000                  0.0000000000                 -0.1537629254                  0.0000000000
      405                1458000.000000                  0.0000000000                  0.0000000000                 -0.1537631006                  0.0000000000
      406                1461600.000000                  0.0000000000                  0.0000000000                 -0.1537632716                  0.0000000000
      407                1465200.000000                  0.0000000000                  0.0000000000                 -0.1537634386                  0.0000000000
      408                1468800.000000                  0.0000000000                  0.0000000000                 -0.1537636015                  0.0000000000
      409                1472400.000000                  0.0000000000                  0.0000000000                 -0.1537637606                  0.0000000000
      410                1476000.000000                  0.0000000000                  0.0000000000                 -0.1537639160                  0.0000000000
      411                1479600.000000                  0.0000000000                  0.0000000000                 -0.1537640676                  0.0000000000
      412                1483200.000000                  0.0000000000                  0.0000000000                 -0.1537642156                  0.0000000000
      413                1486800.000000                  0.0000000000                  0.0000000000                 -0.1537643601                  0.0000000000
      414                1490400.000000                  0.0000000000                  0.0000000000                 -0.1537645011                  0.0000000000
      415                1494000.000000                  0.0000000000                  0.0000000000                 -0.1537646388                  0.0000000000
      416                1497600.000000                  0.0000000000                  0.0000000000                 -0.1537647732                  0.0000000000
      417                1501200.000000                  0.0000000000                  0.0000000000                 -0.1537649044                  0.0000000000
      418                1504800.000000                  0.0000000000                  0.0000000000                 -0.1537650324                  0.0000000000
      419                1508400.000000                  0.0000000000                  0.0000000000                 -0.1537651575                  0.0000000000
      420                1512000.000000                  0.0000000000                  0.0000000000                 -0.1537652795                  0.0000000000
      421                1515600.000000                  0.0000000000                  0.0000000000                 -0.1537653987                  0.0000000000
      422                1519200.000000                  0.0000000000                  0.0000000000                 -0.1537655150                  0.0000000000
      423                1522800.000000                  0.0000000000                  0.0000000000                 -0.1537656285                  0.0000000000
      424                1526400.000000                  0.0000000000                  0.0000000000                 -0.1537657393                  0.0000000000
      425                1530000.000000                  0.0000000000                  0.0000000000                 -0.1537658475                  0.0000000000
      426                1533600.000000                  0.0000000000                  0.0000000000                 -0.1537659532                  0.0000000000
      427                1537200.000000                  0.0000000000                  0.0000000000                 -0.1537660563                  0.0000000000
      428                1540800.000000                  0.0000000000                  0.0000000000                 -0.1537661569                  0.0000000000
      429                1544400.000000                  0.0000000000                  0.0000000000                 -0.1537662552                  0.0000000000
      430                1548000.000000                  0.0000000000                  0.0000000000                 -0.1537663511                  0.0000000000
      431                1551600.000000                  0.0000000000                  0.0000000000                 -0.1537664447                  0.0000000000
      432                1555200.000000                  0.0000000000                  0.0000000000                 -0.1537665361                  0.0000000000
      433                1558800.000000                  0.0000000000                  0.0000000000                 -0.1537666253                  0.0000000000
      434                1562400.000000                  0.0000000000                  0.0000000000                 -0.1537667124                  0.0000000000
      435                1566000.000000                  0.0000000000                  0.0000000000                 -0.1537667974                  0.0000000000
      436                1569600.000000                  0.0000000000                  0.0000000000                 -0.1537668804                  0.0000000000
      437                1573200.000000                  0.0000000000                  0.0000000000                 -0.1537669614                  0.0000000000
      438                1576800.000000                  0.0000000000                  0.0000000000                 -0.1537670405                  0.0000000000
      439                1580400.000000                  0.0000000000                  0.0000000000                 -0.1537671177                  0.0000000000
      440                1584000.000000                  0.0000000000                  0.0000000000                 -0.1537671931                  0.0000000000
      441                1587600.000000                  0.0000000000                  0.0000000000                 -0.1537672667                  0.0000000000
      442                1591200.000000                  0.0000000000                  0.0000000000                 -0.1537673385                  0.0000000000
      443                1594800.000000                  0.0000000000                  0.0000000000                 -0.1537674086                  0.0000000000
      444                1598400.000000                  0.0000000000                  0.0000000000                 -0.1537674771                  0.0000000000
      445                1602000.000000                  0.0000000000                  0.0000000000                 -0.1537675439                  0.0000000000
      446                1605600.000000                  0.0000000000                  0.0000000000                 -0.1537676091                  0.0000000000
      447                1609200.000000                  0.0000000000                  0.0000000000                 -0.1537676728                  0.0000000000
      448                1612800.000000                  0.0000000000                  0.0000000000                 -0.1537677349                  0.0000000000
      449                1616400.000000                  0.0000000000                  0.0000000000                 -0.1537677956                  0.0000000000
      450                1620000.000000                  0.0000000000                  0.0000000000                 -0.1537678548                  0.0000000000
      451                1623600.000000                  0.0000000000                  0.0000000000                 -0.1537679126                  0.0000000000
      452                1627200.000000                  0.0000000000                  0.0000000000                 -0.1537679691                  0.0000000000
      453                1630800.000000                  0.0000000000                  0.0000000000                 -0.1537680242                  0.0000000000
      454                1634400.000000                  0.0000000000                  0.0000000000                 -0.1537680779                  0.0000000000
      455                1638000.000000                  0.0000000000                  0.0000000000                 -0.1537681304                  0.0000000000
      456                1641600.000000                  0.0000000000                  0.0000000000                 -0.1537681817                  0.0000000000
      457                1645200.000000                  0.0000000000                  0.0000000000                 -0.1537682317                  0.0000000000
      458                1648800.000000                  0.0000000000                  0.0000000000                 -0.1537682806                  0.0000000000
      459                1652400.000000                  0.0000000000                  0.0000000000                 -0.1537683282                  0.0000000000
      460                1656000.000000                  0.0000000000                  0.0000000000                 -0.1537683748                  0.0000000000
      461                1659600.000000                  0.0000000000                  0.0000000000                 -0.1537684202                  0.0000000000
      462                1663200.000000                  0.0000000000                  0.0000000000                 -0.1537684646                  0.0000000000
      463                1666800.000000                  0.0000000000                  0.0000000000                 -0.1537685079                  0.0000000000
      464                1670400.000000                  0.0000000000                  0.0000000000                 -0.1537685501                  0.0000000000
      465                1674000.000000                  0.0000000000                  0.0000000000                 -0.1537685914                  0.0000000000
      466                1677600.000000                  0.0000000000                  0.0000000000                 -0.1537686317                  0.0000000000
      467                1681200.000000                  0.0000000000                  0.0000000000                 -0.1537686710                  0.0000000000
      468                1684800.000000                  0.0000000000                  0.0000000000                 -0.1537687094                  0.0000000000
      469                1688400.000000                  0.0000000000                  0.0000000000                 -0.1537687468                  0.0000000000
      470                1692000.000000                  0.0000000000                  0.0000000000                 -0.1537687834                  0.0000000000
      471                1695600.000000                  0.0000000000                  0.0000000000                 -0.1537688191                  0.0000000000
      472                1699200.000000                  0.0000000000                  0.0000000000                 -0.1537688540                  0.0000000000
      473                1702800.000000                  0.0000000000                  0.0000000000                 -0.1537688880                  0.0000000000
      474                1706400.000000                  0.0000000000                  0.0000000000                 -0.1537689212                  0.0000000000
      475                1710000.000000                  0.0000000000                  0.0000000000                 -0.1537689536                  0.0000000000
      476                1713600.000000                  0.0000000000                  0.0000000000                 -0.1537689853                  0.0000000000
      477                1717200.000000                  0.0000000000                  0.0000000000                 -0.1537690162                  0.0000000000
      478                1720800.000000                  0.0000000000                  0.0000000000                 -0.1537690463                  0.0000000000
      479                1724400.000000                  0.0000000000                  0.0000000000                 -0.1537690758                  0.0000000000
      480                1728000.000000                  0.0000000000                  0.0000000000                 -0.1537691045                  0.0000000000
      481                1731600.000000                  0.0000000000                  0.0000000000                 -0.1537691326                  0.0000000000
      482                1735200.000000                  0.0000000000                  0.0000000000                 -0.1537691600                  0.0000000000
      483                1738800.000000                  0.0000000000                  0.0000000000                 -0.1537691867                  0.0000000000
      484                1742400.000000                  0.0000000000                  0.0000000000                 -0.1537692128                  0.0000000000
      485                1746000.000000                  0.0000000000                  0.0000000000                 -0.1537692383                  0.0000000000
      486                1749600.000000                  0.0000000000                  0.0000000000                 -0.1537692631                  0.0000000000
      487                1753200.000000                  0.0000000000                  0.0000000000                 -0.1537692874                  0.0000000000
      488                1756800.000000                  0.0000000000                  0.0000000000                 -0.1537693111                  0.0000000000
      489                1760400.000000                  0.0000000000                  0.0000000000                 -0.1537693343                  0.0000000000
      490                1764000.000000                  0.0000000000                  0.0000000000                 -0.1537693568                  0.0000000000
      491                1767600.000000                  0.0000000000                  0.0000000000                 -0.1537693789                  0.0000000000
      492                1771200.000000                  0.0000000000                  0.0000000000                 -0.1537694004                  0.0000000000
      493                1774800.000000                  0.0000000000                  0.0000000000                 -0.1537694214                  0.0000000000
      494                1778400.000000                  0.0000000000                  0.0000000000                 -0.1537694419                  0.0000000000
      495                1782000.000000                  0.0000000000                  0.0000000000                 -0.1537694620                  0.0000000000
      496                1785600.000000                  0.0000000000                  0.0000000000                 -0.1537694815                  0.0000000000
      497                1789200.000000                  0.0000000000                  0.0000000000                 -0.1537695006                  0.0000000000
      498                1792800.000000                  0.0000000000                  0.0000000000                 -0.1537695192                  0.0000000000
      499                1796400.000000                  0.0000000000                  0.0000000000                 -0.1537695374                  0.0000000000
      500                1800000.000000                  0.0000000000                  0.0000000000                 -0.1537695551                  0.0000000000
      501                1803600.000000                  0.0000000000                  0.0000000000                 -0.1537695725                  0.0000000000
      502                1807200.000000                  0.0000000000                  0.0000000000                 -0.1537695894                  0.0000000000
      503                1810800.000000                  0.0000000000                  0.0000000000                 -0.1537696059                  0.0000000000
      504                1814400.000000                  0.0000000000                  0.0000000000                 -0.1537696220                  0.0000000000
      505                1818000.000000                  0.0000000000                  0.0000000000                 -0.1537696377                  0.0000000000
      506                1821600.000000                  0.0000000000                  0.0000000000                 -0.1537696531                  0.0000000000
      507                1825200.000000                  0.0000000000                  0.0000000000                 -0.1537696681                  0.0000000000
      508                1828800.000000                  0.0000000000                  0.0000000000                 -0.1537696827                  0.0000000000
      509                1832400.000000                  0.0000000000                  0.0000000000                 -0.1537696970                  0.0000000000
      510                1836000.000000                  0.0000000000                  0.0000000000                 -0.1537697110                  0.0000000000
      511                1839600.000000                  0.0000000000                  0.0000000000                 -0.1537697246                  0.0000000000
      512                1843200.000000                  0.0000000000                  0.0000000000                 -0.1537697379                  0.0000000000
      513                1846800.000000                  0.0000000000                  0.0000000000                 -0.1537697508                  0.0000000000
      514                1850400.000000                  0.0000000000                  0.0000000000                 -0.1537697635                  0.0000000000
      515                1854000.000000                  0.0000000000                  0.0000000000                 -0.1537697759                  0.0000000000
      516                1857600.000000                  0.0000000000                  0.0000000000                 -0.1537697879                  0.0000000000
      517                1861200.000000                  0.0000000000                  0.0000000000                 -0.1537697997                  0.0000000000
      518                1864800.000000                  0.0000000000                  0.0000000000                 -0.1537698112                  0.0000000000
      519                1868400.000000                  0.0000000000                  0.0000000000                 -0.1537698225                  0.0000000000
      520                1872000.000000                  0.0000000000                  0.0000000000                 -0.1537698334                  0.0000000000
      521                1875600.000000                  0.0000000000                  0.0000000000                 -0.1537698441                  0.0000000000
      522                1879200.000000                  0.0000000000                  0.0000000000                 -0.1537698546                  0.0000000000
      523                1882800.000000                  0.0000000000                  0.0000000000                 -0.1537698648                  0.0000000000
      524                1886400.000000                  0.0000000000                  0.0000000000                 -0.1537698747                  0.0000000000
      525                1890000.000000                  0.0000000000                  0.0000000000                 -0.1537698844                  0.0000000000
      526                1893600.000000                  0.0000000000                  0.0000000000                 -0.1537698939                  0.0000000000
      527                1897200.000000                  0.0000000000                  0.0000000000                 -0.1537699032                  0.0000000000
      528                1900800.000000                  0.0000000000                  0.0000000000                 -0.1537699122                  0.0000000000
      529                1904400.000000                  0.0000000000                  0.0000000000                 -0.1537699210                  0.0000000000
      530                1908000.000000                  0.0000000000                  0.0000000000                 -0.1537699296                  0.0000000000
      531                1911600.000000                  0.0000000000                  0.0000000000                 -0.1537699380                  0.0000000000
      532                1915200.000000                  0.0000000000                  0.0000000000                 -0.1537699463                  0.0000000000
      533                1918800.000000                  0.0000000000                  0.0000000000                 -0.1537699543                  0.0000000000
      534                1922400.000000                  0.0000000000                  0.0000000000                 -0.1537699621                  0.0000000000
      535                1926000.000000                  0.0000000000                  0.0000000000                 -0.1537699697                  0.0000000000
      536                1929600.000000                  0.0000000000                  0.0000000000                 -0.1537699772                  0.0000000000
      537                1933200.000000                  0.0000000000                  0.0000000000                 -0.1537699845                  0.0000000000
      538                1936800.000000                  0.0000000000                  0.0000000000                 -0.1537699916                  0.0000000000
      539                1940400.000000                  0.0000000000                  0.0000000000                 -0.1537699985                  0.0000000000
      540                1944000.000000                  0.0000000000                  0.0000000000                 -0.1537700053                  0.0000000000
      541                1947600.000000                  0.0000000000                  0.0000000000                 -0.1537700119                  0.0000000000
      542                1951200.000000                  0.0000000000                  0.0000000000                 -0.1537700183                  0.0000000000
      543                1954800.000000                  0.0000000000                  0.0000000000                 -0.1537700246                  0.0000000000
      544                1958400.000000                  0.0000000000                  0.0000000000                 -0.1537700308                  0.0000000000
      545                1962000.000000                  0.0000000000                  0.0000000000                 -0.1537700368                  0.0000000000
      546                1965600.000000                  0.0000000000                  0.0000000000                 -0.1537700426                  0.0000000000
      547                1969200.000000                  0.0000000000                  0.0000000000                 -0.1537700483                  0.0000000000
      548                1972800.000000                  0.0000000000                  0.0000000000                 -0.1537700539                  0.0000000000
      549                1976400.000000                  0.0000000000                  0.0000000000                 -0.1537700594                  0.0000000000
      550                1980000.000000                  0.0000000000                  0.0000000000                 -0.1537700647                  0.0000000000
      551                1983600.000000                  0.0000000000                  0.0000000000                 -0.1537700699                  0.0000000000
      552                1987200.000000                  0.0000000000                  0.0000000000                 -0.1537700749                  0.0000000000
      553                1990800.000000                  0.0000000000                  0.0000000000                 -0.1537700799                  0.0000000000
      554                1994400.000000                  0.0000000000                  0.0000000000                 -0.1537700847                  0.0000000000
      555                1998000.000000                  0.0000000000                  0.0000000000                 -0.1537700894                  0.0000000000
      556                2001600.000000                  0.0000000000                  0.0000000000                 -0.1537700940                  0.0000000000
      557                2005200.000000                  0.0000000000                  0.0000000000                 -0.1537700985                  0.0000000000
      558                2008800.000000                  0.0000000000                  0.0000000000                 -0.1537701029                  0.0000000000
      559                2012400.000000                  0.0000000000                  0.0000000000                 -0.1537701072                  0.0000000000
      560                2016000.000000                  0.0000000000                  0.0000000000                 -0.1537701114                  0.0000000000
      561                2019600.000000                  0.0000000000                  0.0000000000                 -0.1537701155                  0.0000000000
      562                2023200.000000                  0.0000000000                  0.0000000000                 -0.1537701194                  0.0000000000
      563                2026800.000000                  0.0000000000                  0.0000000000                 -0.1537701233                  0.0000000000
      564                2030400.000000                  0.0000000000                  0.0000000000                 -0.1537701271                  0.0000000000
      565                2034000.000000                  0.0000000000                  0.0000000000                 -0.1537701308                  0.0000000000
      566                2037600.000000                  0.0000000000                  0.0000000000                 -0.1537701344                  0.0000000000
      567                2041200.000000                  0.0000000000                  0.0000000000                 -0.1537701380                  0.0000000000
      568                2044800.000000                  0.0000000000                  0.0000000000                 -0.1537701414                  0.0000000000
      569                2048400.000000                  0.0000000000                  0.0000000000                 -0.1537701448                  0.0000000000
      570                2052000.000000                  0.0000000000                  0.0000000000                 -0.1537701481                  0.0000000000
      571                2055600.000000                  0.0000000000                  0.0000000000                 -0.1537701513                  0.0000000000
      572                2059200.000000                  0.0000000000                  0.0000000000                 -0.1537701544                  0.0000000000
      573                2062800.000000                  0.0000000000                  0.0000000000                 -0.1537701575                  0.0000000000
      574                2066400.000000                  0.0000000000                  0.0000000000                 -0.1537701604                  0.0000000000
      575                2070000.000000                  0.0000000000                  0.0000000000                 -0.1537701634                  0.0000000000
      576                2073600.000000                  0.0000000000                  0.0000000000                 -0.1537701662                  0.0000000000
      577                2077200.000000                  0.0000000000                  0.0000000000                 -0.1537701690                  0.0000000000
      578                2080800.000000                  0.0000000000                  0.0000000000                 -0.1537701717                  0.0000000000
      579                2084400.000000                  0.0000000000                  0.0000000000                 -0.1537701743                  0.0000000000
      580                2088000.000000                  0.0000000000                  0.0000000000                 -0.1537701769                  0.0000000000
      581                2091600.000000                  0.0000000000                  0.0000000000                 -0.1537701794                  0.0000000000
      582                2095200.000000                  0.0000000000                  0.0000000000                 -0.1537701819                  0.0000000000
      583                2098800.000000                  0.0000000000                  0.0000000000                 -0.1537701843                  0.0000000000
      584                2102400.000000                  0.0000000000                  0.0000000000                 -0.1537701866                  0.0000000000
      585                2106000.000000                  0.0000000000                  0.0000000000                 -0.1537701889                  0.0000000000
      586                2109600.000000                  0.0000000000                  0.0000000000                 -0.1537701911                  0.0000000000
      587                2113200.000000                  0.0000000000                  0.0000000000                 -0.1537701933                  0.0000000000
      588                2116800.000000                  0.0000000000                  0.0000000000                 -0.1537701955                  0.0000000000
      589                2120400.000000                  0.0000000000                  0.0000000000                 -0.1537701975                  0.0000000000
      590                2124000.000000                  0.0000000000                  0.0000000000                 -0.1537701996                  0.0000000000
      591                2127600.000000                  0.0000000000                  0.0000000000                 -0.1537702015                  0.0000000000
      592                2131200.000000                  0.0000000000                  0.0000000000                 -0.1537702035                  0.0000000000
      593                2134800.000000                  0.0000000000                  0.0000000000                 -0.1537702054                  0.0000000000
      594                2138400.000000                  0.0000000000                  0.0000000000                 -0.1537702072                  0.0000000000
      595                2142000.000000                  0.0000000000                  0.0000000000                 -0.1537702090                  0.0000000000
      596                2145600.000000                  0.0000000000                  0.0000000000                 -0.1537702108                  0.0000000000
      597                2149200.000000                  0.0000000000                  0.0000000000                 -0.1537702125                  0.0000000000
      598                2152800.000000                  0.0000000000                  0.0000000000                 -0.1537702141                  0.0000000000
      599                2156400.000000                  0.0000000000                  0.0000000000                 -0.1537702158                  0.0000000000
      600                2160000.000000                  0.0000000000                  0.0000000000                 -0.1537702174                  0.0000000000
