# Variacao DeslocAndPress no tempo no ponto      633
        0                      0.000000                  0.0000000000                  0.0000000000                  0.0000000000                  0.0100000000
        1                   3600.000000                  0.0000000000                  0.0000000000                  0.0000000000                  3.9123464966
        2                   7200.000000                  0.0000000000                  0.0000000000                  0.0000000000                  3.9111545219
        3                  10800.000000                  0.0000000000                  0.0000000000                  0.0000000000                  3.9074880440
        4                  14400.000000                  0.0000000000                  0.0000000000                  0.0000000000                  3.8994733839
        5                  18000.000000                  0.0000000000                  0.0000000000                  0.0000000000                  3.8853825925
        6                  21600.000000                  0.0000000000                  0.0000000000                  0.0000000000                  3.8640423726
        7                  25200.000000                  0.0000000000                  0.0000000000                  0.0000000000                  3.8349769887
        8                  28800.000000                  0.0000000000                  0.0000000000                  0.0000000000                  3.7983343161
        9                  32400.000000                  0.0000000000                  0.0000000000                  0.0000000000                  3.7547095379
       10                  36000.000000                  0.0000000000                  0.0000000000                  0.0000000000                  3.7049578678
       11                  39600.000000                  0.0000000000                  0.0000000000                  0.0000000000                  3.6500422895
       12                  43200.000000                  0.0000000000                  0.0000000000                  0.0000000000                  3.5909282637
       13                  46800.000000                  0.0000000000                  0.0000000000                  0.0000000000                  3.5285201897
       14                  50400.000000                  0.0000000000                  0.0000000000                  0.0000000000                  3.4636289052
       15                  54000.000000                  0.0000000000                  0.0000000000                  0.0000000000                  3.3969597857
       16                  57600.000000                  0.0000000000                  0.0000000000                  0.0000000000                  3.3291132877
       17                  61200.000000                  0.0000000000                  0.0000000000                  0.0000000000                  3.2605922694
       18                  64800.000000                  0.0000000000                  0.0000000000                  0.0000000000                  3.1918124410
       19                  68400.000000                  0.0000000000                  0.0000000000                  0.0000000000                  3.1231137518
       20                  72000.000000                  0.0000000000                  0.0000000000                  0.0000000000                  3.0547714871
       21                  75600.000000                  0.0000000000                  0.0000000000                  0.0000000000                  2.9870064508
       22                  79200.000000                  0.0000000000                  0.0000000000                  0.0000000000                  2.9199939763
       23                  82800.000000                  0.0000000000                  0.0000000000                  0.0000000000                  2.8538717152
       24                  86400.000000                  0.0000000000                  0.0000000000                  0.0000000000                  2.7887462614
       25                  90000.000000                  0.0000000000                  0.0000000000                  0.0000000000                  2.7246987233
       26                  93600.000000                  0.0000000000                  0.0000000000                  0.0000000000                  2.6617893732
       27                  97200.000000                  0.0000000000                  0.0000000000                  0.0000000000                  2.6000615053
       28                 100800.000000                  0.0000000000                  0.0000000000                  0.0000000000                  2.5395446215
       29                 104400.000000                  0.0000000000                  0.0000000000                  0.0000000000                  2.4802570561
       30                 108000.000000                  0.0000000000                  0.0000000000                  0.0000000000                  2.4222081309
       31                 111600.000000                  0.0000000000                  0.0000000000                  0.0000000000                  2.3653999224
       32                 115200.000000                  0.0000000000                  0.0000000000                  0.0000000000                  2.3098287087
       33                 118800.000000                  0.0000000000                  0.0000000000                  0.0000000000                  2.2554861516
       34                 122400.000000                  0.0000000000                  0.0000000000                  0.0000000000                  2.2023602623
       35                 126000.000000                  0.0000000000                  0.0000000000                  0.0000000000                  2.1504361894
       36                 129600.000000                  0.0000000000                  0.0000000000                  0.0000000000                  2.0996968597
       37                 133200.000000                  0.0000000000                  0.0000000000                  0.0000000000                  2.0501235012
       38                 136800.000000                  0.0000000000                  0.0000000000                  0.0000000000                  2.0016960666
       39                 140400.000000                  0.0000000000                  0.0000000000                  0.0000000000                  1.9543935784
       40                 144000.000000                  0.0000000000                  0.0000000000                  0.0000000000                  1.9081944071
       41                 147600.000000                  0.0000000000                  0.0000000000                  0.0000000000                  1.8630764971
       42                 151200.000000                  0.0000000000                  0.0000000000                  0.0000000000                  1.8190175484
       43                 154800.000000                  0.0000000000                  0.0000000000                  0.0000000000                  1.7759951629
       44                 158400.000000                  0.0000000000                  0.0000000000                  0.0000000000                  1.7339869616
       45                 162000.000000                  0.0000000000                  0.0000000000                  0.0000000000                  1.6929706777
       46                 165600.000000                  0.0000000000                  0.0000000000                  0.0000000000                  1.6529242308
       47                 169200.000000                  0.0000000000                  0.0000000000                  0.0000000000                  1.6138257852
       48                 172800.000000                  0.0000000000                  0.0000000000                  0.0000000000                  1.5756537955
       49                 176400.000000                  0.0000000000                  0.0000000000                  0.0000000000                  1.5383870414
       50                 180000.000000                  0.0000000000                  0.0000000000                  0.0000000000                  1.5020046544
       51                 183600.000000                  0.0000000000                  0.0000000000                  0.0000000000                  1.4664861373
       52                 187200.000000                  0.0000000000                  0.0000000000                  0.0000000000                  1.4318113783
       53                 190800.000000                  0.0000000000                  0.0000000000                  0.0000000000                  1.3979606607
       54                 194400.000000                  0.0000000000                  0.0000000000                  0.0000000000                  1.3649146687
       55                 198000.000000                  0.0000000000                  0.0000000000                  0.0000000000                  1.3326544903
       56                 201600.000000                  0.0000000000                  0.0000000000                  0.0000000000                  1.3011616181
       57                 205200.000000                  0.0000000000                  0.0000000000                  0.0000000000                  1.2704179478
       58                 208800.000000                  0.0000000000                  0.0000000000                  0.0000000000                  1.2404057757
       59                 212400.000000                  0.0000000000                  0.0000000000                  0.0000000000                  1.2111077945
       60                 216000.000000                  0.0000000000                  0.0000000000                  0.0000000000                  1.1825070887
       61                 219600.000000                  0.0000000000                  0.0000000000                  0.0000000000                  1.1545871288
       62                 223200.000000                  0.0000000000                  0.0000000000                  0.0000000000                  1.1273317652
       63                 226800.000000                  0.0000000000                  0.0000000000                  0.0000000000                  1.1007252218
       64                 230400.000000                  0.0000000000                  0.0000000000                  0.0000000000                  1.0747520887
       65                 234000.000000                  0.0000000000                  0.0000000000                  0.0000000000                  1.0493973161
       66                 237600.000000                  0.0000000000                  0.0000000000                  0.0000000000                  1.0246462059
       67                 241200.000000                  0.0000000000                  0.0000000000                  0.0000000000                  1.0004844051
       68                 244800.000000                  0.0000000000                  0.0000000000                  0.0000000000                  0.9768978987
       69                 248400.000000                  0.0000000000                  0.0000000000                  0.0000000000                  0.9538730018
       70                 252000.000000                  0.0000000000                  0.0000000000                  0.0000000000                  0.9313963528
       71                 255600.000000                  0.0000000000                  0.0000000000                  0.0000000000                  0.9094549060
       72                 259200.000000                  0.0000000000                  0.0000000000                  0.0000000000                  0.8880359247
       73                 262800.000000                  0.0000000000                  0.0000000000                  0.0000000000                  0.8671269737
       74                 266400.000000                  0.0000000000                  0.0000000000                  0.0000000000                  0.8467159129
       75                 270000.000000                  0.0000000000                  0.0000000000                  0.0000000000                  0.8267908904
       76                 273600.000000                  0.0000000000                  0.0000000000                  0.0000000000                  0.8073403355
       77                 277200.000000                  0.0000000000                  0.0000000000                  0.0000000000                  0.7883529525
       78                 280800.000000                  0.0000000000                  0.0000000000                  0.0000000000                  0.7698177141
       79                 284400.000000                  0.0000000000                  0.0000000000                  0.0000000000                  0.7517238551
       80                 288000.000000                  0.0000000000                  0.0000000000                  0.0000000000                  0.7340608665
       81                 291600.000000                  0.0000000000                  0.0000000000                  0.0000000000                  0.7168184890
       82                 295200.000000                  0.0000000000                  0.0000000000                  0.0000000000                  0.6999867075
       83                 298800.000000                  0.0000000000                  0.0000000000                  0.0000000000                  0.6835557451
       84                 302400.000000                  0.0000000000                  0.0000000000                  0.0000000000                  0.6675160578
       85                 306000.000000                  0.0000000000                  0.0000000000                  0.0000000000                  0.6518583285
       86                 309600.000000                  0.0000000000                  0.0000000000                  0.0000000000                  0.6365734620
       87                 313200.000000                  0.0000000000                  0.0000000000                  0.0000000000                  0.6216525794
       88                 316800.000000                  0.0000000000                  0.0000000000                  0.0000000000                  0.6070870134
       89                 320400.000000                  0.0000000000                  0.0000000000                  0.0000000000                  0.5928683029
       90                 324000.000000                  0.0000000000                  0.0000000000                  0.0000000000                  0.5789881883
       91                 327600.000000                  0.0000000000                  0.0000000000                  0.0000000000                  0.5654386067
       92                 331200.000000                  0.0000000000                  0.0000000000                  0.0000000000                  0.5522116871
       93                 334800.000000                  0.0000000000                  0.0000000000                  0.0000000000                  0.5392997458
       94                 338400.000000                  0.0000000000                  0.0000000000                  0.0000000000                  0.5266952822
       95                 342000.000000                  0.0000000000                  0.0000000000                  0.0000000000                  0.5143909743
       96                 345600.000000                  0.0000000000                  0.0000000000                  0.0000000000                  0.5023796745
       97                 349200.000000                  0.0000000000                  0.0000000000                  0.0000000000                  0.4906544052
       98                 352800.000000                  0.0000000000                  0.0000000000                  0.0000000000                  0.4792083551
       99                 356400.000000                  0.0000000000                  0.0000000000                  0.0000000000                  0.4680348750
      100                 360000.000000                  0.0000000000                  0.0000000000                  0.0000000000                  0.4571274742
      101                 363600.000000                  0.0000000000                  0.0000000000                  0.0000000000                  0.4464798164
      102                 367200.000000                  0.0000000000                  0.0000000000                  0.0000000000                  0.4360857162
      103                 370800.000000                  0.0000000000                  0.0000000000                  0.0000000000                  0.4259391356
      104                 374400.000000                  0.0000000000                  0.0000000000                  0.0000000000                  0.4160341802
      105                 378000.000000                  0.0000000000                  0.0000000000                  0.0000000000                  0.4063650962
      106                 381600.000000                  0.0000000000                  0.0000000000                  0.0000000000                  0.3969262666
      107                 385200.000000                  0.0000000000                  0.0000000000                  0.0000000000                  0.3877122083
      108                 388800.000000                  0.0000000000                  0.0000000000                  0.0000000000                  0.3787175688
      109                 392400.000000                  0.0000000000                  0.0000000000                  0.0000000000                  0.3699371228
      110                 396000.000000                  0.0000000000                  0.0000000000                  0.0000000000                  0.3613657697
      111                 399600.000000                  0.0000000000                  0.0000000000                  0.0000000000                  0.3529985303
      112                 403200.000000                  0.0000000000                  0.0000000000                  0.0000000000                  0.3448305439
      113                 406800.000000                  0.0000000000                  0.0000000000                  0.0000000000                  0.3368570656
      114                 410400.000000                  0.0000000000                  0.0000000000                  0.0000000000                  0.3290734635
      115                 414000.000000                  0.0000000000                  0.0000000000                  0.0000000000                  0.3214752161
      116                 417600.000000                  0.0000000000                  0.0000000000                  0.0000000000                  0.3140579093
      117                 421200.000000                  0.0000000000                  0.0000000000                  0.0000000000                  0.3068172343
      118                 424800.000000                  0.0000000000                  0.0000000000                  0.0000000000                  0.2997489849
      119                 428400.000000                  0.0000000000                  0.0000000000                  0.0000000000                  0.2928490552
      120                 432000.000000                  0.0000000000                  0.0000000000                  0.0000000000                  0.2861134367
      121                 435600.000000                  0.0000000000                  0.0000000000                  0.0000000000                  0.2795382166
      122                 439200.000000                  0.0000000000                  0.0000000000                  0.0000000000                  0.2731195754
      123                 442800.000000                  0.0000000000                  0.0000000000                  0.0000000000                  0.2668537844
      124                 446400.000000                  0.0000000000                  0.0000000000                  0.0000000000                  0.2607372036
      125                 450000.000000                  0.0000000000                  0.0000000000                  0.0000000000                  0.2547662798
      126                 453600.000000                  0.0000000000                  0.0000000000                  0.0000000000                  0.2489375445
      127                 457200.000000                  0.0000000000                  0.0000000000                  0.0000000000                  0.2432476116
      128                 460800.000000                  0.0000000000                  0.0000000000                  0.0000000000                  0.2376931757
      129                 464400.000000                  0.0000000000                  0.0000000000                  0.0000000000                  0.2322710103
      130                 468000.000000                  0.0000000000                  0.0000000000                  0.0000000000                  0.2269779655
      131                 471600.000000                  0.0000000000                  0.0000000000                  0.0000000000                  0.2218109664
      132                 475200.000000                  0.0000000000                  0.0000000000                  0.0000000000                  0.2167670116
      133                 478800.000000                  0.0000000000                  0.0000000000                  0.0000000000                  0.2118431708
      134                 482400.000000                  0.0000000000                  0.0000000000                  0.0000000000                  0.2070365838
      135                 486000.000000                  0.0000000000                  0.0000000000                  0.0000000000                  0.2023444583
      136                 489600.000000                  0.0000000000                  0.0000000000                  0.0000000000                  0.1977640686
      137                 493200.000000                  0.0000000000                  0.0000000000                  0.0000000000                  0.1932927539
      138                 496800.000000                  0.0000000000                  0.0000000000                  0.0000000000                  0.1889279168
      139                 500400.000000                  0.0000000000                  0.0000000000                  0.0000000000                  0.1846670216
      140                 504000.000000                  0.0000000000                  0.0000000000                  0.0000000000                  0.1805075931
      141                 507600.000000                  0.0000000000                  0.0000000000                  0.0000000000                  0.1764472150
      142                 511200.000000                  0.0000000000                  0.0000000000                  0.0000000000                  0.1724835286
      143                 514800.000000                  0.0000000000                  0.0000000000                  0.0000000000                  0.1686142314
      144                 518400.000000                  0.0000000000                  0.0000000000                  0.0000000000                  0.1648370756
      145                 522000.000000                  0.0000000000                  0.0000000000                  0.0000000000                  0.1611498670
      146                 525600.000000                  0.0000000000                  0.0000000000                  0.0000000000                  0.1575504636
      147                 529200.000000                  0.0000000000                  0.0000000000                  0.0000000000                  0.1540367746
      148                 532800.000000                  0.0000000000                  0.0000000000                  0.0000000000                  0.1506067586
      149                 536400.000000                  0.0000000000                  0.0000000000                  0.0000000000                  0.1472584233
      150                 540000.000000                  0.0000000000                  0.0000000000                  0.0000000000                  0.1439898235
      151                 543600.000000                  0.0000000000                  0.0000000000                  0.0000000000                  0.1407990604
      152                 547200.000000                  0.0000000000                  0.0000000000                  0.0000000000                  0.1376842804
      153                 550800.000000                  0.0000000000                  0.0000000000                  0.0000000000                  0.1346436741
      154                 554400.000000                  0.0000000000                  0.0000000000                  0.0000000000                  0.1316754753
      155                 558000.000000                  0.0000000000                  0.0000000000                  0.0000000000                  0.1287779596
      156                 561600.000000                  0.0000000000                  0.0000000000                  0.0000000000                  0.1259494438
      157                 565200.000000                  0.0000000000                  0.0000000000                  0.0000000000                  0.1231882848
      158                 568800.000000                  0.0000000000                  0.0000000000                  0.0000000000                  0.1204928785
      159                 572400.000000                  0.0000000000                  0.0000000000                  0.0000000000                  0.1178616593
      160                 576000.000000                  0.0000000000                  0.0000000000                  0.0000000000                  0.1152930985
      161                 579600.000000                  0.0000000000                  0.0000000000                  0.0000000000                  0.1127857041
      162                 583200.000000                  0.0000000000                  0.0000000000                  0.0000000000                  0.1103380194
      163                 586800.000000                  0.0000000000                  0.0000000000                  0.0000000000                  0.1079486227
      164                 590400.000000                  0.0000000000                  0.0000000000                  0.0000000000                  0.1056161257
      165                 594000.000000                  0.0000000000                  0.0000000000                  0.0000000000                  0.1033391736
      166                 597600.000000                  0.0000000000                  0.0000000000                  0.0000000000                  0.1011164437
      167                 601200.000000                  0.0000000000                  0.0000000000                  0.0000000000                  0.0989466447
      168                 604800.000000                  0.0000000000                  0.0000000000                  0.0000000000                  0.0968285161
      169                 608400.000000                  0.0000000000                  0.0000000000                  0.0000000000                  0.0947608275
      170                 612000.000000                  0.0000000000                  0.0000000000                  0.0000000000                  0.0927423778
      171                 615600.000000                  0.0000000000                  0.0000000000                  0.0000000000                  0.0907719944
      172                 619200.000000                  0.0000000000                  0.0000000000                  0.0000000000                  0.0888485326
      173                 622800.000000                  0.0000000000                  0.0000000000                  0.0000000000                  0.0869708752
      174                 626400.000000                  0.0000000000                  0.0000000000                  0.0000000000                  0.0851379313
      175                 630000.000000                  0.0000000000                  0.0000000000                  0.0000000000                  0.0833486361
      176                 633600.000000                  0.0000000000                  0.0000000000                  0.0000000000                  0.0816019503
      177                 637200.000000                  0.0000000000                  0.0000000000                  0.0000000000                  0.0798968592
      178                 640800.000000                  0.0000000000                  0.0000000000                  0.0000000000                  0.0782323722
      179                 644400.000000                  0.0000000000                  0.0000000000                  0.0000000000                  0.0766075224
      180                 648000.000000                  0.0000000000                  0.0000000000                  0.0000000000                  0.0750213659
      181                 651600.000000                  0.0000000000                  0.0000000000                  0.0000000000                  0.0734729813
      182                 655200.000000                  0.0000000000                  0.0000000000                  0.0000000000                  0.0719614691
      183                 658800.000000                  0.0000000000                  0.0000000000                  0.0000000000                  0.0704859513
      184                 662400.000000                  0.0000000000                  0.0000000000                  0.0000000000                  0.0690455707
      185                 666000.000000                  0.0000000000                  0.0000000000                  0.0000000000                  0.0676394906
      186                 669600.000000                  0.0000000000                  0.0000000000                  0.0000000000                  0.0662668941
      187                 673200.000000                  0.0000000000                  0.0000000000                  0.0000000000                  0.0649269839
      188                 676800.000000                  0.0000000000                  0.0000000000                  0.0000000000                  0.0636189816
      189                 680400.000000                  0.0000000000                  0.0000000000                  0.0000000000                  0.0623421274
      190                 684000.000000                  0.0000000000                  0.0000000000                  0.0000000000                  0.0610956796
      191                 687600.000000                  0.0000000000                  0.0000000000                  0.0000000000                  0.0598789139
      192                 691200.000000                  0.0000000000                  0.0000000000                  0.0000000000                  0.0586911237
      193                 694800.000000                  0.0000000000                  0.0000000000                  0.0000000000                  0.0575316190
      194                 698400.000000                  0.0000000000                  0.0000000000                  0.0000000000                  0.0563997260
      195                 702000.000000                  0.0000000000                  0.0000000000                  0.0000000000                  0.0552947873
      196                 705600.000000                  0.0000000000                  0.0000000000                  0.0000000000                  0.0542161611
      197                 709200.000000                  0.0000000000                  0.0000000000                  0.0000000000                  0.0531632207
      198                 712800.000000                  0.0000000000                  0.0000000000                  0.0000000000                  0.0521353545
      199                 716400.000000                  0.0000000000                  0.0000000000                  0.0000000000                  0.0511319654
      200                 720000.000000                  0.0000000000                  0.0000000000                  0.0000000000                  0.0501524704
      201                 723600.000000                  0.0000000000                  0.0000000000                  0.0000000000                  0.0491963006
      202                 727200.000000                  0.0000000000                  0.0000000000                  0.0000000000                  0.0482629005
      203                 730800.000000                  0.0000000000                  0.0000000000                  0.0000000000                  0.0473517280
      204                 734400.000000                  0.0000000000                  0.0000000000                  0.0000000000                  0.0464622536
      205                 738000.000000                  0.0000000000                  0.0000000000                  0.0000000000                  0.0455939607
      206                 741600.000000                  0.0000000000                  0.0000000000                  0.0000000000                  0.0447463448
      207                 745200.000000                  0.0000000000                  0.0000000000                  0.0000000000                  0.0439189137
      208                 748800.000000                  0.0000000000                  0.0000000000                  0.0000000000                  0.0431111865
      209                 752400.000000                  0.0000000000                  0.0000000000                  0.0000000000                  0.0423226941
      210                 756000.000000                  0.0000000000                  0.0000000000                  0.0000000000                  0.0415529785
      211                 759600.000000                  0.0000000000                  0.0000000000                  0.0000000000                  0.0408015925
      212                 763200.000000                  0.0000000000                  0.0000000000                  0.0000000000                  0.0400680996
      213                 766800.000000                  0.0000000000                  0.0000000000                  0.0000000000                  0.0393520737
      214                 770400.000000                  0.0000000000                  0.0000000000                  0.0000000000                  0.0386530989
      215                 774000.000000                  0.0000000000                  0.0000000000                  0.0000000000                  0.0379707690
      216                 777600.000000                  0.0000000000                  0.0000000000                  0.0000000000                  0.0373046879
      217                 781200.000000                  0.0000000000                  0.0000000000                  0.0000000000                  0.0366544684
      218                 784800.000000                  0.0000000000                  0.0000000000                  0.0000000000                  0.0360197329
      219                 788400.000000                  0.0000000000                  0.0000000000                  0.0000000000                  0.0354001127
      220                 792000.000000                  0.0000000000                  0.0000000000                  0.0000000000                  0.0347952478
      221                 795600.000000                  0.0000000000                  0.0000000000                  0.0000000000                  0.0342047868
      222                 799200.000000                  0.0000000000                  0.0000000000                  0.0000000000                  0.0336283868
      223                 802800.000000                  0.0000000000                  0.0000000000                  0.0000000000                  0.0330657128
      224                 806400.000000                  0.0000000000                  0.0000000000                  0.0000000000                  0.0325164381
      225                 810000.000000                  0.0000000000                  0.0000000000                  0.0000000000                  0.0319802435
      226                 813600.000000                  0.0000000000                  0.0000000000                  0.0000000000                  0.0314568175
      227                 817200.000000                  0.0000000000                  0.0000000000                  0.0000000000                  0.0309458562
      228                 820800.000000                  0.0000000000                  0.0000000000                  0.0000000000                  0.0304470626
      229                 824400.000000                  0.0000000000                  0.0000000000                  0.0000000000                  0.0299601470
      230                 828000.000000                  0.0000000000                  0.0000000000                  0.0000000000                  0.0294848265
      231                 831600.000000                  0.0000000000                  0.0000000000                  0.0000000000                  0.0290208251
      232                 835200.000000                  0.0000000000                  0.0000000000                  0.0000000000                  0.0285678732
      233                 838800.000000                  0.0000000000                  0.0000000000                  0.0000000000                  0.0281257077
      234                 842400.000000                  0.0000000000                  0.0000000000                  0.0000000000                  0.0276940716
      235                 846000.000000                  0.0000000000                  0.0000000000                  0.0000000000                  0.0272727143
      236                 849600.000000                  0.0000000000                  0.0000000000                  0.0000000000                  0.0268613910
      237                 853200.000000                  0.0000000000                  0.0000000000                  0.0000000000                  0.0264598627
      238                 856800.000000                  0.0000000000                  0.0000000000                  0.0000000000                  0.0260678962
      239                 860400.000000                  0.0000000000                  0.0000000000                  0.0000000000                  0.0256852638
      240                 864000.000000                  0.0000000000                  0.0000000000                  0.0000000000                  0.0253117431
      241                 867600.000000                  0.0000000000                  0.0000000000                  0.0000000000                  0.0249471174
      242                 871200.000000                  0.0000000000                  0.0000000000                  0.0000000000                  0.0245911746
      243                 874800.000000                  0.0000000000                  0.0000000000                  0.0000000000                  0.0242437080
      244                 878400.000000                  0.0000000000                  0.0000000000                  0.0000000000                  0.0239045159
      245                 882000.000000                  0.0000000000                  0.0000000000                  0.0000000000                  0.0235734010
      246                 885600.000000                  0.0000000000                  0.0000000000                  0.0000000000                  0.0232501712
      247                 889200.000000                  0.0000000000                  0.0000000000                  0.0000000000                  0.0229346386
      248                 892800.000000                  0.0000000000                  0.0000000000                  0.0000000000                  0.0226266199
      249                 896400.000000                  0.0000000000                  0.0000000000                  0.0000000000                  0.0223259362
      250                 900000.000000                  0.0000000000                  0.0000000000                  0.0000000000                  0.0220324129
      251                 903600.000000                  0.0000000000                  0.0000000000                  0.0000000000                  0.0217458793
      252                 907200.000000                  0.0000000000                  0.0000000000                  0.0000000000                  0.0214661692
      253                 910800.000000                  0.0000000000                  0.0000000000                  0.0000000000                  0.0211931198
      254                 914400.000000                  0.0000000000                  0.0000000000                  0.0000000000                  0.0209265728
      255                 918000.000000                  0.0000000000                  0.0000000000                  0.0000000000                  0.0206663731
      256                 921600.000000                  0.0000000000                  0.0000000000                  0.0000000000                  0.0204123697
      257                 925200.000000                  0.0000000000                  0.0000000000                  0.0000000000                  0.0201644150
      258                 928800.000000                  0.0000000000                  0.0000000000                  0.0000000000                  0.0199223650
      259                 932400.000000                  0.0000000000                  0.0000000000                  0.0000000000                  0.0196860790
      260                 936000.000000                  0.0000000000                  0.0000000000                  0.0000000000                  0.0194554198
      261                 939600.000000                  0.0000000000                  0.0000000000                  0.0000000000                  0.0192302535
      262                 943200.000000                  0.0000000000                  0.0000000000                  0.0000000000                  0.0190104491
      263                 946800.000000                  0.0000000000                  0.0000000000                  0.0000000000                  0.0187958790
      264                 950400.000000                  0.0000000000                  0.0000000000                  0.0000000000                  0.0185864185
      265                 954000.000000                  0.0000000000                  0.0000000000                  0.0000000000                  0.0183819461
      266                 957600.000000                  0.0000000000                  0.0000000000                  0.0000000000                  0.0181823428
      267                 961200.000000                  0.0000000000                  0.0000000000                  0.0000000000                  0.0179874928
      268                 964800.000000                  0.0000000000                  0.0000000000                  0.0000000000                  0.0177972829
      269                 968400.000000                  0.0000000000                  0.0000000000                  0.0000000000                  0.0176116025
      270                 972000.000000                  0.0000000000                  0.0000000000                  0.0000000000                  0.0174303438
      271                 975600.000000                  0.0000000000                  0.0000000000                  0.0000000000                  0.0172534015
      272                 979200.000000                  0.0000000000                  0.0000000000                  0.0000000000                  0.0170806728
      273                 982800.000000                  0.0000000000                  0.0000000000                  0.0000000000                  0.0169120574
      274                 986400.000000                  0.0000000000                  0.0000000000                  0.0000000000                  0.0167474573
      275                 990000.000000                  0.0000000000                  0.0000000000                  0.0000000000                  0.0165867769
      276                 993600.000000                  0.0000000000                  0.0000000000                  0.0000000000                  0.0164299229
      277                 997200.000000                  0.0000000000                  0.0000000000                  0.0000000000                  0.0162768041
      278                1000800.000000                  0.0000000000                  0.0000000000                  0.0000000000                  0.0161273316
      279                1004400.000000                  0.0000000000                  0.0000000000                  0.0000000000                  0.0159814185
      280                1008000.000000                  0.0000000000                  0.0000000000                  0.0000000000                  0.0158389802
      281                1011600.000000                  0.0000000000                  0.0000000000                  0.0000000000                  0.0156999338
      282                1015200.000000                  0.0000000000                  0.0000000000                  0.0000000000                  0.0155641985
      283                1018800.000000                  0.0000000000                  0.0000000000                  0.0000000000                  0.0154316956
      284                1022400.000000                  0.0000000000                  0.0000000000                  0.0000000000                  0.0153023481
      285                1026000.000000                  0.0000000000                  0.0000000000                  0.0000000000                  0.0151760808
      286                1029600.000000                  0.0000000000                  0.0000000000                  0.0000000000                  0.0150528203
      287                1033200.000000                  0.0000000000                  0.0000000000                  0.0000000000                  0.0149324951
      288                1036800.000000                  0.0000000000                  0.0000000000                  0.0000000000                  0.0148150353
      289                1040400.000000                  0.0000000000                  0.0000000000                  0.0000000000                  0.0147003726
      290                1044000.000000                  0.0000000000                  0.0000000000                  0.0000000000                  0.0145884404
      291                1047600.000000                  0.0000000000                  0.0000000000                  0.0000000000                  0.0144791737
      292                1051200.000000                  0.0000000000                  0.0000000000                  0.0000000000                  0.0143725090
      293                1054800.000000                  0.0000000000                  0.0000000000                  0.0000000000                  0.0142683843
      294                1058400.000000                  0.0000000000                  0.0000000000                  0.0000000000                  0.0141667393
      295                1062000.000000                  0.0000000000                  0.0000000000                  0.0000000000                  0.0140675147
      296                1065600.000000                  0.0000000000                  0.0000000000                  0.0000000000                  0.0139706531
      297                1069200.000000                  0.0000000000                  0.0000000000                  0.0000000000                  0.0138760981
      298                1072800.000000                  0.0000000000                  0.0000000000                  0.0000000000                  0.0137837947
      299                1076400.000000                  0.0000000000                  0.0000000000                  0.0000000000                  0.0136936894
      300                1080000.000000                  0.0000000000                  0.0000000000                  0.0000000000                  0.0136057298
      301                1083600.000000                  0.0000000000                  0.0000000000                  0.0000000000                  0.0135198649
      302                1087200.000000                  0.0000000000                  0.0000000000                  0.0000000000                  0.0134360447
      303                1090800.000000                  0.0000000000                  0.0000000000                  0.0000000000                  0.0133542205
      304                1094400.000000                  0.0000000000                  0.0000000000                  0.0000000000                  0.0132743449
      305                1098000.000000                  0.0000000000                  0.0000000000                  0.0000000000                  0.0131963713
      306                1101600.000000                  0.0000000000                  0.0000000000                  0.0000000000                  0.0131202546
      307                1105200.000000                  0.0000000000                  0.0000000000                  0.0000000000                  0.0130459505
      308                1108800.000000                  0.0000000000                  0.0000000000                  0.0000000000                  0.0129734159
      309                1112400.000000                  0.0000000000                  0.0000000000                  0.0000000000                  0.0129026085
      310                1116000.000000                  0.0000000000                  0.0000000000                  0.0000000000                  0.0128334873
      311                1119600.000000                  0.0000000000                  0.0000000000                  0.0000000000                  0.0127660121
      312                1123200.000000                  0.0000000000                  0.0000000000                  0.0000000000                  0.0127001438
      313                1126800.000000                  0.0000000000                  0.0000000000                  0.0000000000                  0.0126358440
      314                1130400.000000                  0.0000000000                  0.0000000000                  0.0000000000                  0.0125730754
      315                1134000.000000                  0.0000000000                  0.0000000000                  0.0000000000                  0.0125118015
      316                1137600.000000                  0.0000000000                  0.0000000000                  0.0000000000                  0.0124519868
      317                1141200.000000                  0.0000000000                  0.0000000000                  0.0000000000                  0.0123935965
      318                1144800.000000                  0.0000000000                  0.0000000000                  0.0000000000                  0.0123365966
      319                1148400.000000                  0.0000000000                  0.0000000000                  0.0000000000                  0.0122809541
      320                1152000.000000                  0.0000000000                  0.0000000000                  0.0000000000                  0.0122266367
      321                1155600.000000                  0.0000000000                  0.0000000000                  0.0000000000                  0.0121736128
      322                1159200.000000                  0.0000000000                  0.0000000000                  0.0000000000                  0.0121218515
      323                1162800.000000                  0.0000000000                  0.0000000000                  0.0000000000                  0.0120713228
      324                1166400.000000                  0.0000000000                  0.0000000000                  0.0000000000                  0.0120219974
      325                1170000.000000                  0.0000000000                  0.0000000000                  0.0000000000                  0.0119738467
      326                1173600.000000                  0.0000000000                  0.0000000000                  0.0000000000                  0.0119268425
      327                1177200.000000                  0.0000000000                  0.0000000000                  0.0000000000                  0.0118809577
      328                1180800.000000                  0.0000000000                  0.0000000000                  0.0000000000                  0.0118361656
      329                1184400.000000                  0.0000000000                  0.0000000000                  0.0000000000                  0.0117924401
      330                1188000.000000                  0.0000000000                  0.0000000000                  0.0000000000                  0.0117497559
      331                1191600.000000                  0.0000000000                  0.0000000000                  0.0000000000                  0.0117080881
      332                1195200.000000                  0.0000000000                  0.0000000000                  0.0000000000                  0.0116674126
      333                1198800.000000                  0.0000000000                  0.0000000000                  0.0000000000                  0.0116277057
      334                1202400.000000                  0.0000000000                  0.0000000000                  0.0000000000                  0.0115889444
      335                1206000.000000                  0.0000000000                  0.0000000000                  0.0000000000                  0.0115511061
      336                1209600.000000                  0.0000000000                  0.0000000000                  0.0000000000                  0.0115141689
      337                1213200.000000                  0.0000000000                  0.0000000000                  0.0000000000                  0.0114781112
      338                1216800.000000                  0.0000000000                  0.0000000000                  0.0000000000                  0.0114429123
      339                1220400.000000                  0.0000000000                  0.0000000000                  0.0000000000                  0.0114085515
      340                1224000.000000                  0.0000000000                  0.0000000000                  0.0000000000                  0.0113750090
      341                1227600.000000                  0.0000000000                  0.0000000000                  0.0000000000                  0.0113422653
      342                1231200.000000                  0.0000000000                  0.0000000000                  0.0000000000                  0.0113103013
      343                1234800.000000                  0.0000000000                  0.0000000000                  0.0000000000                  0.0112790985
      344                1238400.000000                  0.0000000000                  0.0000000000                  0.0000000000                  0.0112486387
      345                1242000.000000                  0.0000000000                  0.0000000000                  0.0000000000                  0.0112189043
      346                1245600.000000                  0.0000000000                  0.0000000000                  0.0000000000                  0.0111898779
      347                1249200.000000                  0.0000000000                  0.0000000000                  0.0000000000                  0.0111615428
      348                1252800.000000                  0.0000000000                  0.0000000000                  0.0000000000                  0.0111338824
      349                1256400.000000                  0.0000000000                  0.0000000000                  0.0000000000                  0.0111068807
      350                1260000.000000                  0.0000000000                  0.0000000000                  0.0000000000                  0.0110805221
      351                1263600.000000                  0.0000000000                  0.0000000000                  0.0000000000                  0.0110547911
      352                1267200.000000                  0.0000000000                  0.0000000000                  0.0000000000                  0.0110296728
      353                1270800.000000                  0.0000000000                  0.0000000000                  0.0000000000                  0.0110051527
      354                1274400.000000                  0.0000000000                  0.0000000000                  0.0000000000                  0.0109812166
      355                1278000.000000                  0.0000000000                  0.0000000000                  0.0000000000                  0.0109578504
      356                1281600.000000                  0.0000000000                  0.0000000000                  0.0000000000                  0.0109350407
      357                1285200.000000                  0.0000000000                  0.0000000000                  0.0000000000                  0.0109127741
      358                1288800.000000                  0.0000000000                  0.0000000000                  0.0000000000                  0.0108910378
      359                1292400.000000                  0.0000000000                  0.0000000000                  0.0000000000                  0.0108698191
      360                1296000.000000                  0.0000000000                  0.0000000000                  0.0000000000                  0.0108491056
      361                1299600.000000                  0.0000000000                  0.0000000000                  0.0000000000                  0.0108288855
      362                1303200.000000                  0.0000000000                  0.0000000000                  0.0000000000                  0.0108091468
      363                1306800.000000                  0.0000000000                  0.0000000000                  0.0000000000                  0.0107898783
      364                1310400.000000                  0.0000000000                  0.0000000000                  0.0000000000                  0.0107710685
      365                1314000.000000                  0.0000000000                  0.0000000000                  0.0000000000                  0.0107527067
      366                1317600.000000                  0.0000000000                  0.0000000000                  0.0000000000                  0.0107347821
      367                1321200.000000                  0.0000000000                  0.0000000000                  0.0000000000                  0.0107172844
      368                1324800.000000                  0.0000000000                  0.0000000000                  0.0000000000                  0.0107002034
      369                1328400.000000                  0.0000000000                  0.0000000000                  0.0000000000                  0.0106835291
      370                1332000.000000                  0.0000000000                  0.0000000000                  0.0000000000                  0.0106672519
      371                1335600.000000                  0.0000000000                  0.0000000000                  0.0000000000                  0.0106513623
      372                1339200.000000                  0.0000000000                  0.0000000000                  0.0000000000                  0.0106358511
      373                1342800.000000                  0.0000000000                  0.0000000000                  0.0000000000                  0.0106207093
      374                1346400.000000                  0.0000000000                  0.0000000000                  0.0000000000                  0.0106059280
      375                1350000.000000                  0.0000000000                  0.0000000000                  0.0000000000                  0.0105914988
      376                1353600.000000                  0.0000000000                  0.0000000000                  0.0000000000                  0.0105774132
      377                1357200.000000                  0.0000000000                  0.0000000000                  0.0000000000                  0.0105636629
      378                1360800.000000                  0.0000000000                  0.0000000000                  0.0000000000                  0.0105502402
      379                1364400.000000                  0.0000000000                  0.0000000000                  0.0000000000                  0.0105371370
      380                1368000.000000                  0.0000000000                  0.0000000000                  0.0000000000                  0.0105243459
      381                1371600.000000                  0.0000000000                  0.0000000000                  0.0000000000                  0.0105118594
      382                1375200.000000                  0.0000000000                  0.0000000000                  0.0000000000                  0.0104996703
      383                1378800.000000                  0.0000000000                  0.0000000000                  0.0000000000                  0.0104877714
      384                1382400.000000                  0.0000000000                  0.0000000000                  0.0000000000                  0.0104761559
      385                1386000.000000                  0.0000000000                  0.0000000000                  0.0000000000                  0.0104648169
      386                1389600.000000                  0.0000000000                  0.0000000000                  0.0000000000                  0.0104537480
      387                1393200.000000                  0.0000000000                  0.0000000000                  0.0000000000                  0.0104429427
      388                1396800.000000                  0.0000000000                  0.0000000000                  0.0000000000                  0.0104323947
      389                1400400.000000                  0.0000000000                  0.0000000000                  0.0000000000                  0.0104220979
      390                1404000.000000                  0.0000000000                  0.0000000000                  0.0000000000                  0.0104120463
      391                1407600.000000                  0.0000000000                  0.0000000000                  0.0000000000                  0.0104022340
      392                1411200.000000                  0.0000000000                  0.0000000000                  0.0000000000                  0.0103926554
      393                1414800.000000                  0.0000000000                  0.0000000000                  0.0000000000                  0.0103833050
      394                1418400.000000                  0.0000000000                  0.0000000000                  0.0000000000                  0.0103741771
      395                1422000.000000                  0.0000000000                  0.0000000000                  0.0000000000                  0.0103652667
      396                1425600.000000                  0.0000000000                  0.0000000000                  0.0000000000                  0.0103565684
      397                1429200.000000                  0.0000000000                  0.0000000000                  0.0000000000                  0.0103480773
      398                1432800.000000                  0.0000000000                  0.0000000000                  0.0000000000                  0.0103397883
      399                1436400.000000                  0.0000000000                  0.0000000000                  0.0000000000                  0.0103316968
      400                1440000.000000                  0.0000000000                  0.0000000000                  0.0000000000                  0.0103237979
      401                1443600.000000                  0.0000000000                  0.0000000000                  0.0000000000                  0.0103160872
      402                1447200.000000                  0.0000000000                  0.0000000000                  0.0000000000                  0.0103085601
      403                1450800.000000                  0.0000000000                  0.0000000000                  0.0000000000                  0.0103012122
      404                1454400.000000                  0.0000000000                  0.0000000000                  0.0000000000                  0.0102940393
      405                1458000.000000                  0.0000000000                  0.0000000000                  0.0000000000                  0.0102870372
      406                1461600.000000                  0.0000000000                  0.0000000000                  0.0000000000                  0.0102802018
      407                1465200.000000                  0.0000000000                  0.0000000000                  0.0000000000                  0.0102735292
      408                1468800.000000                  0.0000000000                  0.0000000000                  0.0000000000                  0.0102670156
      409                1472400.000000                  0.0000000000                  0.0000000000                  0.0000000000                  0.0102606570
      410                1476000.000000                  0.0000000000                  0.0000000000                  0.0000000000                  0.0102544498
      411                1479600.000000                  0.0000000000                  0.0000000000                  0.0000000000                  0.0102483905
      412                1483200.000000                  0.0000000000                  0.0000000000                  0.0000000000                  0.0102424755
      413                1486800.000000                  0.0000000000                  0.0000000000                  0.0000000000                  0.0102367013
      414                1490400.000000                  0.0000000000                  0.0000000000                  0.0000000000                  0.0102310646
      415                1494000.000000                  0.0000000000                  0.0000000000                  0.0000000000                  0.0102255622
      416                1497600.000000                  0.0000000000                  0.0000000000                  0.0000000000                  0.0102201907
      417                1501200.000000                  0.0000000000                  0.0000000000                  0.0000000000                  0.0102149472
      418                1504800.000000                  0.0000000000                  0.0000000000                  0.0000000000                  0.0102098286
      419                1508400.000000                  0.0000000000                  0.0000000000                  0.0000000000                  0.0102048318
      420                1512000.000000                  0.0000000000                  0.0000000000                  0.0000000000                  0.0101999541
      421                1515600.000000                  0.0000000000                  0.0000000000                  0.0000000000                  0.0101951925
      422                1519200.000000                  0.0000000000                  0.0000000000                  0.0000000000                  0.0101905443
      423                1522800.000000                  0.0000000000                  0.0000000000                  0.0000000000                  0.0101860067
      424                1526400.000000                  0.0000000000                  0.0000000000                  0.0000000000                  0.0101815773
      425                1530000.000000                  0.0000000000                  0.0000000000                  0.0000000000                  0.0101772533
      426                1533600.000000                  0.0000000000                  0.0000000000                  0.0000000000                  0.0101730323
      427                1537200.000000                  0.0000000000                  0.0000000000                  0.0000000000                  0.0101689118
      428                1540800.000000                  0.0000000000                  0.0000000000                  0.0000000000                  0.0101648894
      429                1544400.000000                  0.0000000000                  0.0000000000                  0.0000000000                  0.0101609628
      430                1548000.000000                  0.0000000000                  0.0000000000                  0.0000000000                  0.0101571297
      431                1551600.000000                  0.0000000000                  0.0000000000                  0.0000000000                  0.0101533879
      432                1555200.000000                  0.0000000000                  0.0000000000                  0.0000000000                  0.0101497352
      433                1558800.000000                  0.0000000000                  0.0000000000                  0.0000000000                  0.0101461695
      434                1562400.000000                  0.0000000000                  0.0000000000                  0.0000000000                  0.0101426887
      435                1566000.000000                  0.0000000000                  0.0000000000                  0.0000000000                  0.0101392908
      436                1569600.000000                  0.0000000000                  0.0000000000                  0.0000000000                  0.0101359738
      437                1573200.000000                  0.0000000000                  0.0000000000                  0.0000000000                  0.0101327358
      438                1576800.000000                  0.0000000000                  0.0000000000                  0.0000000000                  0.0101295749
      439                1580400.000000                  0.0000000000                  0.0000000000                  0.0000000000                  0.0101264893
      440                1584000.000000                  0.0000000000                  0.0000000000                  0.0000000000                  0.0101234771
      441                1587600.000000                  0.0000000000                  0.0000000000                  0.0000000000                  0.0101205367
      442                1591200.000000                  0.0000000000                  0.0000000000                  0.0000000000                  0.0101176663
      443                1594800.000000                  0.0000000000                  0.0000000000                  0.0000000000                  0.0101148643
      444                1598400.000000                  0.0000000000                  0.0000000000                  0.0000000000                  0.0101121289
      445                1602000.000000                  0.0000000000                  0.0000000000                  0.0000000000                  0.0101094588
      446                1605600.000000                  0.0000000000                  0.0000000000                  0.0000000000                  0.0101068522
      447                1609200.000000                  0.0000000000                  0.0000000000                  0.0000000000                  0.0101043076
      448                1612800.000000                  0.0000000000                  0.0000000000                  0.0000000000                  0.0101018237
      449                1616400.000000                  0.0000000000                  0.0000000000                  0.0000000000                  0.0100993989
      450                1620000.000000                  0.0000000000                  0.0000000000                  0.0000000000                  0.0100970319
      451                1623600.000000                  0.0000000000                  0.0000000000                  0.0000000000                  0.0100947212
      452                1627200.000000                  0.0000000000                  0.0000000000                  0.0000000000                  0.0100924656
      453                1630800.000000                  0.0000000000                  0.0000000000                  0.0000000000                  0.0100902637
      454                1634400.000000                  0.0000000000                  0.0000000000                  0.0000000000                  0.0100881142
      455                1638000.000000                  0.0000000000                  0.0000000000                  0.0000000000                  0.0100860159
      456                1641600.000000                  0.0000000000                  0.0000000000                  0.0000000000                  0.0100839675
      457                1645200.000000                  0.0000000000                  0.0000000000                  0.0000000000                  0.0100819680
      458                1648800.000000                  0.0000000000                  0.0000000000                  0.0000000000                  0.0100800160
      459                1652400.000000                  0.0000000000                  0.0000000000                  0.0000000000                  0.0100781106
      460                1656000.000000                  0.0000000000                  0.0000000000                  0.0000000000                  0.0100762505
      461                1659600.000000                  0.0000000000                  0.0000000000                  0.0000000000                  0.0100744347
      462                1663200.000000                  0.0000000000                  0.0000000000                  0.0000000000                  0.0100726622
      463                1666800.000000                  0.0000000000                  0.0000000000                  0.0000000000                  0.0100709318
      464                1670400.000000                  0.0000000000                  0.0000000000                  0.0000000000                  0.0100692427
      465                1674000.000000                  0.0000000000                  0.0000000000                  0.0000000000                  0.0100675938
      466                1677600.000000                  0.0000000000                  0.0000000000                  0.0000000000                  0.0100659841
      467                1681200.000000                  0.0000000000                  0.0000000000                  0.0000000000                  0.0100644128
      468                1684800.000000                  0.0000000000                  0.0000000000                  0.0000000000                  0.0100628789
      469                1688400.000000                  0.0000000000                  0.0000000000                  0.0000000000                  0.0100613816
      470                1692000.000000                  0.0000000000                  0.0000000000                  0.0000000000                  0.0100599199
      471                1695600.000000                  0.0000000000                  0.0000000000                  0.0000000000                  0.0100584930
      472                1699200.000000                  0.0000000000                  0.0000000000                  0.0000000000                  0.0100571000
      473                1702800.000000                  0.0000000000                  0.0000000000                  0.0000000000                  0.0100557403
      474                1706400.000000                  0.0000000000                  0.0000000000                  0.0000000000                  0.0100544129
      475                1710000.000000                  0.0000000000                  0.0000000000                  0.0000000000                  0.0100531172
      476                1713600.000000                  0.0000000000                  0.0000000000                  0.0000000000                  0.0100518522
      477                1717200.000000                  0.0000000000                  0.0000000000                  0.0000000000                  0.0100506175
      478                1720800.000000                  0.0000000000                  0.0000000000                  0.0000000000                  0.0100494121
      479                1724400.000000                  0.0000000000                  0.0000000000                  0.0000000000                  0.0100482354
      480                1728000.000000                  0.0000000000                  0.0000000000                  0.0000000000                  0.0100470868
      481                1731600.000000                  0.0000000000                  0.0000000000                  0.0000000000                  0.0100459655
      482                1735200.000000                  0.0000000000                  0.0000000000                  0.0000000000                  0.0100448709
      483                1738800.000000                  0.0000000000                  0.0000000000                  0.0000000000                  0.0100438023
      484                1742400.000000                  0.0000000000                  0.0000000000                  0.0000000000                  0.0100427592
      485                1746000.000000                  0.0000000000                  0.0000000000                  0.0000000000                  0.0100417410
      486                1749600.000000                  0.0000000000                  0.0000000000                  0.0000000000                  0.0100407470
      487                1753200.000000                  0.0000000000                  0.0000000000                  0.0000000000                  0.0100397767
      488                1756800.000000                  0.0000000000                  0.0000000000                  0.0000000000                  0.0100388295
      489                1760400.000000                  0.0000000000                  0.0000000000                  0.0000000000                  0.0100379048
      490                1764000.000000                  0.0000000000                  0.0000000000                  0.0000000000                  0.0100370021
      491                1767600.000000                  0.0000000000                  0.0000000000                  0.0000000000                  0.0100361210
      492                1771200.000000                  0.0000000000                  0.0000000000                  0.0000000000                  0.0100352608
      493                1774800.000000                  0.0000000000                  0.0000000000                  0.0000000000                  0.0100344211
      494                1778400.000000                  0.0000000000                  0.0000000000                  0.0000000000                  0.0100336015
      495                1782000.000000                  0.0000000000                  0.0000000000                  0.0000000000                  0.0100328013
      496                1785600.000000                  0.0000000000                  0.0000000000                  0.0000000000                  0.0100320202
      497                1789200.000000                  0.0000000000                  0.0000000000                  0.0000000000                  0.0100312577
      498                1792800.000000                  0.0000000000                  0.0000000000                  0.0000000000                  0.0100305133
      499                1796400.000000                  0.0000000000                  0.0000000000                  0.0000000000                  0.0100297867
      500                1800000.000000                  0.0000000000                  0.0000000000                  0.0000000000                  0.0100290774
      501                1803600.000000                  0.0000000000                  0.0000000000                  0.0000000000                  0.0100283849
      502                1807200.000000                  0.0000000000                  0.0000000000                  0.0000000000                  0.0100277090
      503                1810800.000000                  0.0000000000                  0.0000000000                  0.0000000000                  0.0100270491
      504                1814400.000000                  0.0000000000                  0.0000000000                  0.0000000000                  0.0100264050
      505                1818000.000000                  0.0000000000                  0.0000000000                  0.0000000000                  0.0100257762
      506                1821600.000000                  0.0000000000                  0.0000000000                  0.0000000000                  0.0100251624
      507                1825200.000000                  0.0000000000                  0.0000000000                  0.0000000000                  0.0100245632
      508                1828800.000000                  0.0000000000                  0.0000000000                  0.0000000000                  0.0100239782
      509                1832400.000000                  0.0000000000                  0.0000000000                  0.0000000000                  0.0100234072
      510                1836000.000000                  0.0000000000                  0.0000000000                  0.0000000000                  0.0100228498
      511                1839600.000000                  0.0000000000                  0.0000000000                  0.0000000000                  0.0100223057
      512                1843200.000000                  0.0000000000                  0.0000000000                  0.0000000000                  0.0100217745
      513                1846800.000000                  0.0000000000                  0.0000000000                  0.0000000000                  0.0100212560
      514                1850400.000000                  0.0000000000                  0.0000000000                  0.0000000000                  0.0100207498
      515                1854000.000000                  0.0000000000                  0.0000000000                  0.0000000000                  0.0100202557
      516                1857600.000000                  0.0000000000                  0.0000000000                  0.0000000000                  0.0100197733
      517                1861200.000000                  0.0000000000                  0.0000000000                  0.0000000000                  0.0100193025
      518                1864800.000000                  0.0000000000                  0.0000000000                  0.0000000000                  0.0100188428
      519                1868400.000000                  0.0000000000                  0.0000000000                  0.0000000000                  0.0100183941
      520                1872000.000000                  0.0000000000                  0.0000000000                  0.0000000000                  0.0100179561
      521                1875600.000000                  0.0000000000                  0.0000000000                  0.0000000000                  0.0100175285
      522                1879200.000000                  0.0000000000                  0.0000000000                  0.0000000000                  0.0100171111
      523                1882800.000000                  0.0000000000                  0.0000000000                  0.0000000000                  0.0100167036
      524                1886400.000000                  0.0000000000                  0.0000000000                  0.0000000000                  0.0100163058
      525                1890000.000000                  0.0000000000                  0.0000000000                  0.0000000000                  0.0100159175
      526                1893600.000000                  0.0000000000                  0.0000000000                  0.0000000000                  0.0100155385
      527                1897200.000000                  0.0000000000                  0.0000000000                  0.0000000000                  0.0100151684
      528                1900800.000000                  0.0000000000                  0.0000000000                  0.0000000000                  0.0100148072
      529                1904400.000000                  0.0000000000                  0.0000000000                  0.0000000000                  0.0100144546
      530                1908000.000000                  0.0000000000                  0.0000000000                  0.0000000000                  0.0100141104
      531                1911600.000000                  0.0000000000                  0.0000000000                  0.0000000000                  0.0100137744
      532                1915200.000000                  0.0000000000                  0.0000000000                  0.0000000000                  0.0100134464
      533                1918800.000000                  0.0000000000                  0.0000000000                  0.0000000000                  0.0100131262
      534                1922400.000000                  0.0000000000                  0.0000000000                  0.0000000000                  0.0100128136
      535                1926000.000000                  0.0000000000                  0.0000000000                  0.0000000000                  0.0100125084
      536                1929600.000000                  0.0000000000                  0.0000000000                  0.0000000000                  0.0100122106
      537                1933200.000000                  0.0000000000                  0.0000000000                  0.0000000000                  0.0100119198
      538                1936800.000000                  0.0000000000                  0.0000000000                  0.0000000000                  0.0100116359
      539                1940400.000000                  0.0000000000                  0.0000000000                  0.0000000000                  0.0100113589
      540                1944000.000000                  0.0000000000                  0.0000000000                  0.0000000000                  0.0100110884
      541                1947600.000000                  0.0000000000                  0.0000000000                  0.0000000000                  0.0100108243
      542                1951200.000000                  0.0000000000                  0.0000000000                  0.0000000000                  0.0100105665
      543                1954800.000000                  0.0000000000                  0.0000000000                  0.0000000000                  0.0100103149
      544                1958400.000000                  0.0000000000                  0.0000000000                  0.0000000000                  0.0100100693
      545                1962000.000000                  0.0000000000                  0.0000000000                  0.0000000000                  0.0100098295
      546                1965600.000000                  0.0000000000                  0.0000000000                  0.0000000000                  0.0100095954
      547                1969200.000000                  0.0000000000                  0.0000000000                  0.0000000000                  0.0100093669
      548                1972800.000000                  0.0000000000                  0.0000000000                  0.0000000000                  0.0100091439
      549                1976400.000000                  0.0000000000                  0.0000000000                  0.0000000000                  0.0100089261
      550                1980000.000000                  0.0000000000                  0.0000000000                  0.0000000000                  0.0100087136
      551                1983600.000000                  0.0000000000                  0.0000000000                  0.0000000000                  0.0100085061
      552                1987200.000000                  0.0000000000                  0.0000000000                  0.0000000000                  0.0100083035
      553                1990800.000000                  0.0000000000                  0.0000000000                  0.0000000000                  0.0100081058
      554                1994400.000000                  0.0000000000                  0.0000000000                  0.0000000000                  0.0100079127
      555                1998000.000000                  0.0000000000                  0.0000000000                  0.0000000000                  0.0100077243
      556                2001600.000000                  0.0000000000                  0.0000000000                  0.0000000000                  0.0100075404
      557                2005200.000000                  0.0000000000                  0.0000000000                  0.0000000000                  0.0100073608
      558                2008800.000000                  0.0000000000                  0.0000000000                  0.0000000000                  0.0100071855
      559                2012400.000000                  0.0000000000                  0.0000000000                  0.0000000000                  0.0100070144
      560                2016000.000000                  0.0000000000                  0.0000000000                  0.0000000000                  0.0100068474
      561                2019600.000000                  0.0000000000                  0.0000000000                  0.0000000000                  0.0100066843
      562                2023200.000000                  0.0000000000                  0.0000000000                  0.0000000000                  0.0100065251
      563                2026800.000000                  0.0000000000                  0.0000000000                  0.0000000000                  0.0100063697
      564                2030400.000000                  0.0000000000                  0.0000000000                  0.0000000000                  0.0100062181
      565                2034000.000000                  0.0000000000                  0.0000000000                  0.0000000000                  0.0100060700
      566                2037600.000000                  0.0000000000                  0.0000000000                  0.0000000000                  0.0100059254
      567                2041200.000000                  0.0000000000                  0.0000000000                  0.0000000000                  0.0100057843
      568                2044800.000000                  0.0000000000                  0.0000000000                  0.0000000000                  0.0100056466
      569                2048400.000000                  0.0000000000                  0.0000000000                  0.0000000000                  0.0100055121
      570                2052000.000000                  0.0000000000                  0.0000000000                  0.0000000000                  0.0100053809
      571                2055600.000000                  0.0000000000                  0.0000000000                  0.0000000000                  0.0100052527
      572                2059200.000000                  0.0000000000                  0.0000000000                  0.0000000000                  0.0100051276
      573                2062800.000000                  0.0000000000                  0.0000000000                  0.0000000000                  0.0100050055
      574                2066400.000000                  0.0000000000                  0.0000000000                  0.0000000000                  0.0100048863
      575                2070000.000000                  0.0000000000                  0.0000000000                  0.0000000000                  0.0100047700
      576                2073600.000000                  0.0000000000                  0.0000000000                  0.0000000000                  0.0100046564
      577                2077200.000000                  0.0000000000                  0.0000000000                  0.0000000000                  0.0100045455
      578                2080800.000000                  0.0000000000                  0.0000000000                  0.0000000000                  0.0100044373
      579                2084400.000000                  0.0000000000                  0.0000000000                  0.0000000000                  0.0100043316
      580                2088000.000000                  0.0000000000                  0.0000000000                  0.0000000000                  0.0100042284
      581                2091600.000000                  0.0000000000                  0.0000000000                  0.0000000000                  0.0100041277
      582                2095200.000000                  0.0000000000                  0.0000000000                  0.0000000000                  0.0100040294
      583                2098800.000000                  0.0000000000                  0.0000000000                  0.0000000000                  0.0100039335
      584                2102400.000000                  0.0000000000                  0.0000000000                  0.0000000000                  0.0100038398
      585                2106000.000000                  0.0000000000                  0.0000000000                  0.0000000000                  0.0100037484
      586                2109600.000000                  0.0000000000                  0.0000000000                  0.0000000000                  0.0100036591
      587                2113200.000000                  0.0000000000                  0.0000000000                  0.0000000000                  0.0100035720
      588                2116800.000000                  0.0000000000                  0.0000000000                  0.0000000000                  0.0100034869
      589                2120400.000000                  0.0000000000                  0.0000000000                  0.0000000000                  0.0100034039
      590                2124000.000000                  0.0000000000                  0.0000000000                  0.0000000000                  0.0100033228
      591                2127600.000000                  0.0000000000                  0.0000000000                  0.0000000000                  0.0100032437
      592                2131200.000000                  0.0000000000                  0.0000000000                  0.0000000000                  0.0100031665
      593                2134800.000000                  0.0000000000                  0.0000000000                  0.0000000000                  0.0100030911
      594                2138400.000000                  0.0000000000                  0.0000000000                  0.0000000000                  0.0100030174
      595                2142000.000000                  0.0000000000                  0.0000000000                  0.0000000000                  0.0100029456
      596                2145600.000000                  0.0000000000                  0.0000000000                  0.0000000000                  0.0100028754
      597                2149200.000000                  0.0000000000                  0.0000000000                  0.0000000000                  0.0100028070
      598                2152800.000000                  0.0000000000                  0.0000000000                  0.0000000000                  0.0100027401
      599                2156400.000000                  0.0000000000                  0.0000000000                  0.0000000000                  0.0100026749
      600                2160000.000000                  0.0000000000                  0.0000000000                  0.0000000000                  0.0100026112
